The problem had 19 jobs that needed to be scheduled on 3 machines.
**********************************************************************
printing Initial generation:
Best chromosome in current generation with value: 54, competence: 96.000:
1, 2, 3, 1, 2, 3, 1, 2, 3, 1, 2, 3, 1, 2, 3, 1, 2, 3, 1
competence values:
96, 99, 64, 83, 94, 94, 80, 87, 77, 96, 46, 62, 69, 82, 77, 87, 77, 83, 95, 63, 95, 76, 87, 65, 78, 87, 93, 60, 75, 89, 68, 93, 84, 65, 69, 91, 69, 94, 81, 73, 61, 82, 77, 87, 72, 91, 93, 82, 84, 90, 92, 89, 89, 90, 75, 96, 79, 86, 83, 82, 99, 96, 86, 95, 93, 79, 54, 79, 73, 96, 73, 87, 85, 88, 83, 81, 68, 63, 73, 72, 87, 84, 64, 81, 60, 70, 82, 76, 95, 83, 89, 96, 74, 91, 88, 58, 91, 85, 83, 72
Number of unique chromosomes (out of 100 chromosomes in total): 100
**********************************************************************
Printing generation: 11
Best chromosome in current generation with value: 70, competence: 73.000:
1, 2, 2, 1, 3, 1, 2, 3, 3, 1, 2, 1, 2, 2, 3, 2, 2, 1, 2
competence values:
73, 89, 91, 81, 84, 86, 82, 97, 93, 74, 76, 91, 99, 86, 92, 68, 95, 89, 73, 78, 87, 75, 97, 90, 89, 73, 81, 84, 81, 92, 94, 91, 89, 89, 88, 93, 80, 91, 80, 88, 78, 73, 94, 79, 88, 90, 88, 88, 95, 72, 85, 76, 75, 78, 95, 98, 91, 94, 70, 92, 71, 89, 93, 80, 96, 77, 87, 86, 87, 89, 76, 78, 91, 95, 94, 96, 84, 81, 74, 93, 77, 97, 90, 75, 94, 79, 95, 65, 73, 81, 79, 95, 87, 89, 96, 97, 88, 88, 62, 81
Number of unique chromosomes (out of 100 chromosomes in total): 98
**********************************************************************
Printing generation: 21
Best chromosome in current generation with value: 60, competence: 90.000:
1, 1, 3, 3, 1, 1, 3, 1, 2, 1, 2, 2, 2, 3, 1, 2, 1, 2, 3
competence values:
90, 91, 94, 96, 99, 82, 93, 85, 99, 83, 89, 80, 95, 85, 96, 87, 90, 89, 98, 89, 86, 93, 83, 85, 94, 82, 92, 72, 86, 97, 94, 81, 91, 89, 98, 94, 94, 86, 82, 94, 99, 95, 75, 92, 96, 99, 91, 90, 80, 89, 87, 86, 85, 93, 87, 90, 93, 82, 85, 90, 94, 84, 93, 78, 80, 89, 88, 80, 62, 85, 97, 98, 89, 87, 94, 83, 94, 86, 94, 77, 86, 72, 90, 96, 94, 81, 86, 97, 86, 83, 94, 91, 90, 90, 95, 98, 92, 90, 95, 90
Number of unique chromosomes (out of 100 chromosomes in total): 92
**********************************************************************
Printing generation: 31
Best chromosome in current generation with value: 66, competence: 71.000:
3, 1, 3, 1, 3, 3, 2, 3, 1, 2, 3, 2, 2, 3, 3, 1, 2, 3, 1
competence values:
71, 78, 93, 89, 84, 92, 80, 91, 82, 93, 95, 87, 85, 87, 84, 84, 89, 97, 78, 72, 85, 95, 95, 97, 98, 82, 91, 83, 85, 86, 95, 93, 74, 75, 91, 99, 77, 89, 89, 94, 96, 87, 96, 90, 91, 83, 95, 84, 85, 95, 91, 88, 94, 89, 81, 83, 78, 88, 79, 79, 77, 71, 86, 90, 88, 88, 88, 94, 91, 78, 72, 84, 89, 98, 85, 91, 85, 97, 69, 97, 89, 79, 95, 96, 84, 93, 97, 96, 90, 79, 85, 88, 88, 77, 90, 84, 96, 95, 93, 84
Number of unique chromosomes (out of 100 chromosomes in total): 98
**********************************************************************
New best solution found in generation: 35
Best chromosome in current generation with value: 51, competence: 91.000:
2, 1, 3, 1, 1, 3, 2, 3, 1, 2, 3, 2, 3, 3, 2, 1, 2, 2, 1
competence values:
91, 93, 90, 94, 81, 89, 92, 81, 83, 89, 83, 94, 86, 94, 81, 87, 88, 84, 97, 99, 82, 91, 76, 98, 87, 92, 94, 87, 92, 86, 79, 88, 98, 88, 93, 76, 90, 96, 92, 94, 92, 97, 90, 84, 85, 91, 79, 92, 87, 94, 81, 90, 88, 92, 91, 91, 89, 91, 99, 90, 96, 92, 89, 83, 88, 84, 93, 91, 94, 90, 91, 91, 82, 90, 90, 83, 96, 84, 81, 91, 92, 81, 80, 89, 80, 89, 89, 96, 84, 72, 72, 93, 89, 89, 81, 89, 89, 84, 84, 91
Number of unique chromosomes (out of 100 chromosomes in total): 95
**********************************************************************
Printing generation: 41
Best chromosome in current generation with value: 59, competence: 98.000:
3, 3, 2, 1, 2, 3, 3, 2, 1, 3, 2, 3, 1, 3, 3, 3, 3, 2, 1
competence values:
98, 81, 76, 85, 90, 90, 80, 96, 88, 97, 77, 86, 94, 84, 84, 87, 96, 96, 87, 88, 97, 96, 87, 88, 78, 82, 97, 80, 83, 88, 86, 90, 90, 91, 91, 90, 92, 90, 96, 96, 97, 86, 92, 73, 98, 94, 86, 97, 84, 90, 86, 89, 87, 87, 85, 91, 81, 88, 88, 83, 81, 96, 85, 90, 94, 93, 93, 86, 93, 85, 94, 81, 99, 92, 93, 89, 92, 73, 75, 79, 81, 81, 88, 93, 90, 89, 83, 86, 97, 70, 82, 84, 84, 96, 76, 88, 91, 93, 92, 84
Number of unique chromosomes (out of 100 chromosomes in total): 92
**********************************************************************
Printing generation: 51
Best chromosome in current generation with value: 69, competence: 86.000:
2, 3, 3, 1, 2, 3, 3, 2, 3, 3, 1, 2, 3, 3, 3, 3, 1, 2, 2
competence values:
86, 83, 83, 96, 96, 96, 91, 94, 78, 95, 97, 91, 96, 97, 81, 96, 88, 91, 85, 80, 97, 88, 84, 73, 96, 98, 83, 88, 85, 88, 97, 83, 97, 80, 95, 96, 91, 89, 96, 98, 97, 90, 97, 83, 88, 87, 90, 91, 95, 98, 82, 96, 88, 79, 88, 96, 89, 98, 91, 81, 88, 96, 87, 86, 94, 98, 95, 90, 80, 91, 86, 89, 91, 91, 96, 91, 97, 74, 96, 79, 81, 90, 95, 85, 81, 84, 75, 91, 83, 87, 91, 62, 97, 86, 97, 83, 85, 87, 84, 93
Number of unique chromosomes (out of 100 chromosomes in total): 84
**********************************************************************
Printing generation: 61
Best chromosome in current generation with value: 69, competence: 94.000:
3, 3, 3, 1, 1, 3, 2, 2, 1, 3, 1, 2, 1, 2, 3, 3, 1, 2, 1
competence values:
94, 93, 96, 93, 88, 85, 95, 87, 85, 88, 95, 96, 95, 81, 91, 83, 88, 82, 91, 92, 97, 85, 86, 93, 82, 84, 82, 91, 98, 84, 90, 85, 90, 87, 78, 97, 98, 86, 88, 86, 93, 97, 96, 88, 93, 92, 93, 100, 98, 86, 97, 85, 92, 84, 95, 98, 93, 100, 90, 88, 85, 90, 87, 91, 86, 95, 98, 97, 86, 95, 90, 95, 89, 88, 83, 91, 88, 91, 94, 85, 85, 95, 93, 96, 83, 87, 96, 93, 84, 90, 85, 96, 84, 70, 89, 96, 90, 82, 86, 95
Number of unique chromosomes (out of 100 chromosomes in total): 82
**********************************************************************
Printing generation: 71
Best chromosome in current generation with value: 62, competence: 77.000:
2, 3, 3, 1, 1, 3, 2, 2, 1, 3, 1, 2, 2, 3, 2, 3, 1, 2, 1
competence values:
77, 82, 93, 91, 88, 88, 94, 74, 93, 93, 90, 68, 97, 83, 93, 91, 84, 95, 95, 84, 84, 88, 93, 84, 84, 90, 88, 96, 93, 81, 82, 86, 92, 92, 82, 91, 88, 88, 93, 91, 91, 80, 72, 88, 78, 85, 88, 87, 88, 88, 81, 92, 97, 98, 88, 99, 88, 91, 88, 91, 88, 82, 87, 95, 86, 84, 85, 92, 59, 88, 88, 94, 88, 84, 97, 95, 96, 71, 94, 86, 88, 82, 98, 85, 91, 84, 87, 86, 92, 89, 88, 92, 91, 89, 92, 97, 94, 86, 84, 95
Number of unique chromosomes (out of 100 chromosomes in total): 77
**********************************************************************
Printing generation: 81
Best chromosome in current generation with value: 71, competence: 91.000:
2, 3, 3, 1, 1, 3, 2, 2, 2, 3, 1, 2, 2, 2, 3, 3, 3, 2, 2
competence values:
91, 97, 86, 92, 88, 86, 89, 91, 91, 92, 84, 88, 82, 92, 81, 86, 80, 91, 88, 73, 91, 91, 92, 97, 99, 91, 81, 88, 90, 88, 85, 93, 92, 86, 81, 81, 77, 97, 88, 88, 83, 79, 81, 88, 94, 91, 88, 81, 94, 97, 94, 86, 91, 92, 90, 91, 97, 97, 81, 93, 88, 88, 88, 97, 81, 89, 69, 81, 96, 81, 88, 81, 81, 86, 88, 91, 95, 85, 86, 84, 84, 88, 87, 81, 79, 79, 93, 92, 91, 90, 88, 92, 96, 81, 98, 91, 97, 89, 99, 96
Number of unique chromosomes (out of 100 chromosomes in total): 81
**********************************************************************
Printing generation: 91
Best chromosome in current generation with value: 60, competence: 97.000:
3, 3, 3, 1, 1, 1, 3, 2, 1, 3, 1, 2, 2, 2, 3, 3, 1, 2, 2
competence values:
97, 93, 97, 96, 91, 81, 97, 90, 88, 89, 91, 99, 94, 88, 88, 97, 77, 81, 89, 97, 79, 89, 89, 88, 77, 81, 86, 88, 97, 99, 91, 91, 88, 96, 99, 97, 88, 84, 98, 78, 89, 88, 90, 97, 90, 80, 86, 86, 88, 98, 97, 91, 88, 97, 97, 88, 89, 87, 91, 89, 88, 81, 89, 97, 93, 91, 95, 99, 98, 94, 90, 93, 99, 85, 88, 83, 90, 94, 92, 81, 92, 81, 88, 97, 97, 90, 90, 81, 98, 81, 99, 93, 64, 97, 88, 94, 90, 89, 80, 85
Number of unique chromosomes (out of 100 chromosomes in total): 71
**********************************************************************
Printing generation: 101
Best chromosome in current generation with value: 59, competence: 95.000:
2, 3, 2, 1, 2, 3, 3, 2, 1, 3, 1, 2, 2, 2, 3, 3, 1, 2, 1
competence values:
95, 97, 87, 90, 94, 82, 94, 95, 94, 95, 90, 90, 97, 81, 93, 96, 91, 91, 89, 86, 90, 95, 97, 92, 95, 96, 90, 84, 88, 99, 90, 90, 93, 97, 89, 96, 91, 94, 91, 92, 88, 92, 81, 88, 98, 97, 97, 93, 94, 91, 90, 88, 86, 91, 84, 91, 81, 98, 92, 90, 95, 91, 88, 92, 84, 97, 95, 91, 98, 91, 90, 81, 97, 89, 97, 88, 97, 97, 89, 93, 88, 93, 84, 88, 95, 89, 81, 96, 82, 99, 92, 97, 89, 97, 90, 88, 87, 91, 91, 93
Number of unique chromosomes (out of 100 chromosomes in total): 70
**********************************************************************
Printing generation: 111
Best chromosome in current generation with value: 56, competence: 87.000:
2, 3, 3, 3, 1, 1, 2, 2, 1, 3, 1, 2, 2, 3, 3, 3, 1, 2, 2
competence values:
87, 92, 84, 97, 88, 89, 97, 87, 97, 78, 88, 87, 81, 98, 99, 96, 98, 90, 97, 95, 91, 89, 88, 95, 97, 90, 87, 92, 97, 93, 97, 95, 97, 90, 86, 92, 93, 93, 97, 91, 98, 99, 97, 92, 90, 97, 89, 79, 89, 91, 92, 76, 99, 95, 95, 79, 97, 81, 90, 90, 95, 92, 99, 97, 90, 97, 97, 91, 94, 97, 97, 99, 99, 97, 91, 96, 98, 87, 97, 95, 88, 95, 97, 99, 89, 98, 97, 97, 88, 97, 97, 90, 99, 98, 95, 89, 78, 97, 89, 94
Number of unique chromosomes (out of 100 chromosomes in total): 61
**********************************************************************
Printing generation: 121
Best chromosome in current generation with value: 58, competence: 94.000:
2, 3, 3, 3, 1, 1, 2, 2, 1, 3, 1, 2, 2, 2, 3, 3, 1, 2, 2
competence values:
94, 87, 97, 91, 97, 90, 98, 90, 95, 88, 97, 81, 81, 91, 95, 90, 98, 93, 93, 97, 90, 91, 90, 93, 86, 90, 90, 92, 95, 91, 97, 99, 90, 97, 85, 84, 86, 95, 93, 97, 90, 91, 97, 97, 95, 97, 99, 93, 87, 87, 91, 95, 90, 87, 99, 97, 86, 90, 79, 97, 84, 90, 97, 93, 90, 98, 94, 84, 81, 93, 90, 97, 97, 79, 90, 91, 90, 90, 93, 98, 91, 97, 90, 90, 88, 97, 88, 93, 97, 90, 90, 97, 90, 95, 88, 90, 97, 94, 99, 99
Number of unique chromosomes (out of 100 chromosomes in total): 58
**********************************************************************
Printing generation: 131
Best chromosome in current generation with value: 51, competence: 99.000:
2, 3, 3, 1, 2, 3, 3, 2, 1, 3, 1, 2, 2, 3, 3, 3, 1, 2, 2
competence values:
99, 74, 97, 88, 95, 95, 99, 93, 87, 95, 84, 90, 90, 93, 97, 89, 97, 97, 90, 90, 95, 99, 93, 99, 94, 97, 90, 97, 95, 93, 95, 98, 90, 97, 97, 98, 97, 99, 93, 99, 90, 94, 91, 95, 93, 74, 93, 88, 95, 89, 95, 97, 97, 97, 92, 95, 99, 97, 90, 99, 86, 99, 95, 95, 97, 92, 95, 99, 93, 98, 99, 92, 94, 95, 90, 90, 95, 90, 93, 93, 99, 99, 79, 95, 97, 95, 95, 93, 90, 97, 95, 91, 90, 90, 97, 90, 87, 94, 92, 99
Number of unique chromosomes (out of 100 chromosomes in total): 48
**********************************************************************
Printing generation: 141
Best chromosome in current generation with value: 53, competence: 92.000:
2, 3, 3, 1, 2, 3, 3, 2, 1, 3, 1, 2, 2, 3, 1, 3, 3, 2, 2
competence values:
92, 95, 95, 92, 95, 99, 95, 95, 95, 95, 95, 99, 94, 90, 93, 95, 95, 95, 95, 97, 97, 93, 95, 92, 99, 95, 94, 97, 99, 99, 90, 97, 99, 95, 95, 92, 95, 95, 98, 97, 97, 92, 90, 99, 97, 90, 99, 95, 97, 99, 91, 94, 89, 90, 95, 97, 97, 93, 96, 90, 99, 95, 94, 95, 99, 99, 97, 99, 94, 90, 93, 96, 95, 95, 93, 89, 95, 97, 90, 94, 95, 99, 94, 95, 97, 90, 93, 92, 99, 95, 92, 97, 95, 95, 93, 97, 93, 95, 93, 97
Number of unique chromosomes (out of 100 chromosomes in total): 33
**********************************************************************
Printing generation: 151
Best chromosome in current generation with value: 56, competence: 98.000:
2, 3, 3, 1, 2, 3, 3, 2, 1, 3, 1, 2, 2, 3, 3, 2, 1, 2, 2
competence values:
98, 93, 95, 99, 99, 95, 97, 95, 95, 89, 97, 95, 97, 95, 99, 93, 95, 93, 93, 99, 95, 99, 93, 93, 95, 97, 99, 98, 93, 93, 97, 97, 90, 95, 95, 90, 93, 95, 99, 90, 95, 95, 99, 95, 96, 95, 95, 97, 95, 93, 95, 99, 99, 93, 95, 93, 90, 99, 97, 90, 95, 93, 95, 99, 97, 98, 99, 93, 95, 98, 97, 93, 97, 99, 97, 93, 90, 98, 99, 97, 95, 97, 98, 95, 99, 97, 84, 95, 94, 89, 97, 95, 97, 97, 98, 97, 90, 97, 97, 99
Number of unique chromosomes (out of 100 chromosomes in total): 31
**********************************************************************
Printing generation: 161
Best chromosome in current generation with value: 55, competence: 95.000:
2, 3, 3, 1, 2, 3, 3, 2, 1, 3, 1, 3, 2, 2, 3, 3, 1, 2, 2
competence values:
95, 81, 99, 97, 93, 98, 98, 88, 98, 93, 97, 95, 98, 93, 98, 95, 90, 98, 93, 90, 99, 93, 95, 99, 97, 99, 97, 99, 98, 97, 98, 95, 99, 95, 95, 98, 97, 95, 81, 97, 98, 97, 98, 97, 99, 99, 97, 98, 96, 81, 95, 98, 99, 99, 95, 97, 97, 97, 98, 96, 93, 100, 97, 98, 95, 98, 98, 98, 95, 95, 93, 95, 95, 99, 97, 97, 98, 95, 90, 99, 90, 95, 98, 95, 99, 98, 98, 99, 98, 97, 95, 95, 99, 97, 99, 98, 97, 99, 95, 98
Number of unique chromosomes (out of 100 chromosomes in total): 15
**********************************************************************
Printing generation: 171
Best chromosome in current generation with value: 56, competence: 91.000:
2, 3, 3, 1, 2, 3, 3, 2, 1, 3, 1, 2, 2, 1, 3, 3, 1, 2, 3
competence values:
91, 94, 99, 99, 99, 99, 99, 99, 92, 99, 99, 99, 99, 92, 98, 99, 99, 99, 90, 93, 92, 98, 99, 99, 99, 99, 97, 97, 95, 99, 97, 97, 97, 98, 98, 99, 99, 97, 99, 99, 95, 98, 97, 97, 99, 98, 98, 99, 98, 95, 99, 99, 95, 99, 99, 99, 99, 94, 99, 99, 99, 90, 95, 99, 97, 90, 95, 99, 98, 99, 95, 91, 99, 99, 97, 97, 94, 98, 95, 98, 99, 99, 97, 99, 99, 99, 99, 99, 97, 97, 99, 99, 99, 98, 99, 95, 94, 90, 97, 99
Number of unique chromosomes (out of 100 chromosomes in total): 14
**********************************************************************
Printing generation: 181
Best chromosome in current generation with value: 55, competence: 94.000:
2, 3, 3, 1, 2, 3, 3, 2, 1, 3, 1, 2, 2, 3, 2, 3, 1, 2, 2
competence values:
94, 92, 99, 97, 99, 92, 94, 99, 99, 99, 99, 99, 98, 97, 98, 98, 98, 99, 98, 99, 99, 99, 92, 99, 99, 99, 98, 92, 97, 99, 99, 99, 99, 95, 99, 94, 98, 97, 99, 94, 86, 86, 99, 99, 99, 99, 99, 99, 99, 99, 95, 99, 98, 99, 92, 99, 99, 98, 95, 98, 99, 99, 89, 99, 92, 99, 98, 99, 99, 94, 99, 99, 99, 99, 99, 99, 99, 98, 95, 97, 99, 89, 94, 99, 99, 99, 99, 93, 99, 99, 99, 99, 98, 99, 97, 99, 99, 99, 97, 98
Number of unique chromosomes (out of 100 chromosomes in total): 19
**********************************************************************
Printing generation: 191
Best chromosome in current generation with value: 51, competence: 93.000:
2, 3, 3, 1, 2, 3, 3, 2, 1, 3, 1, 2, 2, 3, 3, 3, 1, 2, 2
competence values:
93, 89, 99, 99, 98, 98, 92, 99, 99, 91, 98, 99, 98, 98, 92, 93, 99, 99, 97, 99, 99, 99, 89, 98, 99, 94, 98, 98, 99, 99, 98, 92, 100, 99, 99, 99, 99, 99, 99, 95, 97, 94, 99, 99, 99, 98, 92, 91, 92, 98, 99, 95, 94, 99, 86, 99, 89, 98, 92, 98, 99, 94, 94, 99, 99, 97, 99, 99, 91, 94, 99, 99, 99, 99, 98, 99, 99, 99, 99, 99, 97, 99, 97, 94, 95, 99, 99, 99, 92, 99, 99, 98, 92, 92, 97, 99, 99, 99, 95, 92
Number of unique chromosomes (out of 100 chromosomes in total): 19
**********************************************************************
Printing generation: 201
Best chromosome in current generation with value: 52, competence: 86.000:
2, 3, 3, 1, 2, 3, 3, 2, 1, 3, 1, 2, 2, 1, 3, 3, 1, 2, 2
competence values:
86, 99, 98, 98, 99, 95, 98, 95, 98, 88, 98, 89, 96, 95, 99, 98, 88, 95, 98, 95, 99, 99, 98, 99, 99, 96, 99, 95, 85, 98, 88, 99, 98, 99, 97, 99, 99, 99, 98, 99, 90, 88, 98, 95, 98, 99, 99, 99, 99, 99, 98, 98, 94, 98, 94, 99, 99, 99, 96, 96, 86, 99, 99, 99, 99, 99, 97, 98, 98, 99, 98, 99, 98, 99, 98, 99, 99, 98, 98, 94, 99, 99, 99, 95, 98, 99, 99, 95, 98, 99, 92, 99, 99, 88, 98, 99, 99, 98, 90, 94
Number of unique chromosomes (out of 100 chromosomes in total): 15
**********************************************************************
Printing generation: 211
Best chromosome in current generation with value: 52, competence: 98.000:
2, 3, 3, 1, 2, 3, 3, 2, 1, 3, 1, 2, 2, 1, 3, 3, 1, 2, 2
competence values:
98, 87, 98, 98, 98, 97, 92, 94, 99, 98, 99, 98, 99, 98, 99, 94, 98, 98, 99, 99, 98, 92, 98, 98, 98, 99, 98, 99, 99, 98, 98, 92, 98, 99, 98, 92, 94, 98, 98, 98, 99, 97, 99, 92, 99, 94, 94, 92, 99, 99, 94, 98, 98, 98, 98, 98, 98, 99, 98, 98, 99, 98, 99, 98, 99, 99, 91, 91, 97, 99, 99, 98, 98, 98, 99, 99, 99, 91, 99, 95, 87, 98, 99, 99, 98, 98, 98, 99, 99, 99, 99, 98, 99, 99, 91, 98, 87, 94, 99, 99
Number of unique chromosomes (out of 100 chromosomes in total): 17
**********************************************************************
Printing generation: 221
Best chromosome in current generation with value: 56, competence: 93.000:
2, 3, 3, 1, 2, 3, 3, 2, 1, 3, 1, 2, 3, 3, 3, 3, 1, 2, 2
competence values:
93, 99, 98, 98, 98, 98, 94, 99, 98, 98, 91, 99, 99, 98, 94, 89, 86, 99, 99, 99, 98, 98, 98, 99, 99, 94, 99, 99, 98, 99, 99, 98, 99, 91, 94, 94, 99, 94, 99, 99, 99, 99, 98, 98, 98, 99, 99, 99, 99, 85, 99, 94, 99, 99, 99, 98, 99, 94, 99, 98, 98, 99, 98, 99, 94, 86, 98, 98, 99, 86, 98, 99, 99, 99, 99, 98, 98, 95, 99, 99, 99, 99, 98, 99, 98, 98, 94, 99, 98, 98, 99, 99, 94, 98, 99, 98, 98, 98, 99, 99
Number of unique chromosomes (out of 100 chromosomes in total): 13
**********************************************************************
Printing generation: 231
Best chromosome in current generation with value: 56, competence: 99.000:
2, 3, 3, 1, 2, 3, 3, 2, 1, 3, 1, 2, 2, 3, 3, 2, 1, 2, 2
competence values:
99, 98, 98, 90, 86, 86, 92, 86, 98, 98, 86, 99, 98, 99, 92, 99, 99, 98, 99, 99, 99, 91, 99, 90, 86, 98, 99, 94, 90, 99, 94, 99, 99, 94, 90, 90, 98, 99, 94, 98, 98, 98, 94, 99, 98, 86, 98, 92, 94, 94, 94, 91, 99, 99, 98, 98, 95, 99, 99, 99, 99, 99, 98, 94, 99, 98, 99, 99, 90, 99, 94, 91, 99, 99, 98, 91, 99, 98, 99, 98, 98, 98, 99, 86, 91, 99, 99, 98, 99, 91, 99, 91, 94, 92, 99, 99, 99, 88, 98, 99
Number of unique chromosomes (out of 100 chromosomes in total): 18
**********************************************************************
Printing generation: 241
Best chromosome in current generation with value: 58, competence: 95.000:
2, 3, 3, 1, 2, 3, 3, 2, 1, 3, 1, 2, 2, 3, 3, 3, 1, 2, 3
competence values:
95, 97, 99, 94, 94, 92, 85, 99, 94, 89, 99, 99, 94, 99, 94, 94, 98, 99, 99, 94, 94, 99, 99, 94, 85, 90, 98, 94, 99, 98, 93, 88, 99, 98, 92, 90, 92, 90, 99, 98, 92, 94, 97, 98, 94, 98, 92, 91, 90, 94, 98, 92, 98, 98, 92, 94, 92, 92, 98, 98, 98, 91, 92, 98, 89, 99, 98, 99, 92, 100, 93, 91, 94, 94, 99, 99, 99, 85, 99, 94, 98, 94, 85, 94, 94, 94, 100, 94, 92, 94, 98, 98, 99, 99, 98, 98, 99, 91, 94, 94
Number of unique chromosomes (out of 100 chromosomes in total): 23
**********************************************************************
Printing generation: 251
Best chromosome in current generation with value: 53, competence: 98.000:
2, 3, 3, 1, 2, 3, 3, 2, 1, 3, 1, 2, 2, 2, 3, 3, 1, 2, 2
competence values:
98, 92, 99, 98, 98, 98, 92, 98, 98, 98, 98, 99, 99, 99, 98, 98, 99, 98, 93, 98, 98, 98, 99, 98, 98, 98, 98, 93, 98, 98, 91, 93, 86, 94, 99, 87, 92, 92, 99, 99, 95, 98, 99, 98, 99, 86, 99, 99, 94, 99, 92, 94, 93, 99, 92, 92, 98, 91, 91, 99, 98, 99, 86, 99, 98, 98, 93, 93, 99, 98, 94, 98, 98, 94, 90, 99, 98, 94, 99, 90, 92, 98, 99, 98, 99, 92, 99, 95, 99, 99, 99, 98, 99, 99, 99, 91, 94, 92, 98, 98
Number of unique chromosomes (out of 100 chromosomes in total): 25
**********************************************************************
Printing generation: 261
Best chromosome in current generation with value: 52, competence: 98.000:
2, 3, 3, 1, 2, 3, 3, 2, 1, 3, 1, 2, 2, 1, 3, 3, 1, 2, 2
competence values:
98, 91, 99, 99, 98, 99, 99, 93, 92, 98, 99, 90, 86, 94, 98, 99, 98, 92, 98, 99, 98, 98, 99, 92, 79, 93, 98, 98, 99, 92, 99, 98, 78, 99, 99, 99, 98, 99, 92, 92, 98, 99, 98, 98, 99, 90, 92, 96, 98, 98, 98, 99, 92, 99, 99, 88, 91, 92, 99, 98, 91, 96, 98, 98, 94, 86, 98, 98, 98, 99, 96, 92, 99, 99, 89, 92, 91, 98, 96, 92, 98, 98, 99, 99, 98, 92, 99, 98, 96, 92, 99, 99, 96, 99, 98, 99, 98, 99, 92, 90
Number of unique chromosomes (out of 100 chromosomes in total): 24
**********************************************************************
Printing generation: 271
Best chromosome in current generation with value: 52, competence: 93.000:
2, 3, 3, 1, 2, 3, 3, 2, 1, 3, 1, 2, 2, 1, 3, 3, 1, 2, 2
competence values:
93, 98, 89, 86, 98, 98, 98, 98, 98, 96, 98, 98, 86, 98, 98, 98, 94, 99, 91, 98, 98, 98, 98, 95, 98, 99, 98, 98, 92, 98, 98, 98, 93, 92, 98, 86, 99, 86, 94, 98, 99, 86, 89, 99, 98, 98, 98, 86, 98, 98, 98, 83, 98, 99, 94, 98, 99, 98, 83, 99, 98, 99, 86, 98, 98, 98, 99, 98, 95, 91, 98, 98, 98, 98, 92, 98, 92, 93, 90, 99, 92, 99, 99, 98, 98, 92, 96, 99, 98, 86, 96, 98, 98, 89, 86, 99, 98, 90, 86, 98
Number of unique chromosomes (out of 100 chromosomes in total): 22
**********************************************************************
Printing generation: 281
Best chromosome in current generation with value: 59, competence: 85.000:
2, 3, 3, 1, 2, 3, 2, 2, 1, 3, 1, 2, 2, 3, 3, 3, 1, 2, 2
competence values:
85, 91, 98, 89, 99, 99, 92, 98, 99, 86, 98, 99, 98, 98, 98, 98, 98, 98, 99, 98, 98, 98, 98, 87, 99, 98, 98, 98, 98, 98, 98, 98, 98, 98, 99, 94, 98, 97, 98, 99, 98, 99, 98, 98, 98, 98, 99, 99, 99, 98, 99, 98, 98, 98, 99, 98, 99, 98, 98, 92, 98, 98, 98, 92, 94, 99, 97, 98, 99, 98, 98, 97, 92, 98, 99, 89, 98, 98, 98, 89, 98, 96, 98, 97, 94, 98, 98, 98, 99, 99, 96, 98, 98, 92, 99, 98, 98, 98, 97, 98
Number of unique chromosomes (out of 100 chromosomes in total): 18
**********************************************************************
Printing generation: 291
Best chromosome in current generation with value: 53, competence: 99.000:
2, 2, 3, 1, 3, 3, 3, 2, 1, 3, 1, 2, 2, 1, 3, 3, 1, 2, 2
competence values:
99, 98, 98, 94, 94, 96, 98, 99, 94, 91, 95, 98, 94, 98, 94, 96, 98, 95, 98, 98, 98, 98, 98, 98, 98, 99, 98, 98, 98, 98, 98, 98, 99, 98, 98, 98, 98, 98, 98, 99, 98, 98, 98, 99, 94, 98, 98, 98, 98, 99, 99, 98, 98, 98, 98, 99, 98, 98, 98, 98, 98, 98, 98, 98, 98, 99, 98, 98, 98, 98, 95, 94, 98, 98, 98, 98, 98, 98, 96, 99, 98, 98, 98, 99, 98, 98, 98, 98, 98, 98, 98, 98, 98, 94, 98, 98, 98, 99, 98, 98
Number of unique chromosomes (out of 100 chromosomes in total): 17
**********************************************************************
Printing generation: 301
Best chromosome in current generation with value: 60, competence: 98.000:
2, 3, 3, 1, 3, 3, 3, 2, 1, 3, 1, 1, 2, 1, 3, 3, 1, 2, 2
competence values:
98, 95, 98, 98, 98, 98, 98, 95, 98, 97, 98, 98, 95, 94, 98, 98, 98, 98, 99, 98, 94, 98, 99, 98, 98, 99, 98, 98, 90, 98, 99, 96, 99, 95, 98, 98, 98, 98, 99, 98, 98, 95, 98, 98, 98, 98, 98, 98, 99, 98, 98, 98, 98, 98, 95, 98, 97, 96, 95, 98, 98, 98, 98, 98, 92, 98, 98, 90, 98, 98, 98, 98, 98, 98, 95, 99, 98, 95, 98, 96, 99, 98, 98, 98, 98, 98, 98, 98, 98, 98, 98, 99, 98, 98, 98, 98, 98, 99, 98, 98
Number of unique chromosomes (out of 100 chromosomes in total): 15
**********************************************************************
Printing generation: 311
Best chromosome in current generation with value: 52, competence: 92.000:
2, 3, 3, 1, 2, 3, 3, 2, 1, 3, 1, 2, 2, 1, 3, 3, 1, 2, 2
competence values:
92, 98, 98, 98, 98, 98, 98, 99, 98, 98, 98, 98, 98, 98, 98, 98, 99, 98, 98, 98, 98, 98, 95, 98, 98, 98, 98, 99, 99, 88, 98, 98, 98, 95, 97, 98, 97, 90, 99, 98, 99, 94, 98, 98, 99, 98, 98, 99, 98, 97, 88, 99, 98, 98, 98, 98, 98, 98, 95, 98, 98, 98, 98, 98, 98, 99, 99, 99, 98, 98, 98, 98, 98, 98, 98, 98, 98, 98, 98, 99, 99, 98, 98, 98, 98, 98, 98, 98, 99, 99, 92, 92, 98, 92, 99, 99, 98, 95, 99, 98
Number of unique chromosomes (out of 100 chromosomes in total): 9
**********************************************************************
Printing generation: 321
Best chromosome in current generation with value: 51, competence: 88.000:
2, 3, 3, 1, 2, 3, 3, 2, 1, 3, 1, 2, 2, 3, 3, 3, 1, 2, 2
competence values:
88, 98, 98, 99, 98, 98, 98, 98, 98, 98, 98, 99, 98, 98, 97, 98, 99, 99, 98, 98, 98, 98, 98, 99, 95, 98, 90, 99, 99, 98, 98, 98, 98, 90, 98, 98, 98, 98, 90, 98, 88, 90, 90, 98, 98, 98, 98, 95, 98, 98, 99, 98, 99, 98, 90, 98, 98, 95, 99, 98, 98, 98, 98, 98, 98, 99, 98, 98, 98, 98, 98, 99, 98, 98, 98, 98, 98, 98, 90, 98, 98, 98, 98, 98, 98, 98, 98, 95, 98, 98, 90, 98, 98, 98, 98, 98, 98, 98, 98, 98
Number of unique chromosomes (out of 100 chromosomes in total): 12
**********************************************************************
Printing generation: 331
Best chromosome in current generation with value: 56, competence: 95.000:
2, 3, 3, 1, 2, 3, 3, 3, 1, 3, 1, 2, 2, 1, 3, 3, 1, 2, 2
competence values:
95, 98, 99, 95, 98, 98, 98, 90, 95, 98, 94, 98, 99, 98, 98, 98, 98, 96, 99, 98, 95, 98, 98, 98, 98, 98, 99, 98, 98, 94, 98, 98, 98, 98, 98, 98, 96, 98, 99, 95, 98, 98, 94, 98, 98, 98, 98, 98, 98, 99, 98, 98, 98, 98, 99, 98, 98, 98, 99, 99, 98, 98, 98, 98, 98, 99, 95, 98, 98, 98, 98, 98, 98, 95, 99, 98, 98, 98, 98, 98, 98, 95, 94, 98, 98, 98, 99, 98, 98, 98, 95, 98, 98, 99, 98, 98, 95, 98, 98, 98
Number of unique chromosomes (out of 100 chromosomes in total): 13
**********************************************************************
Printing generation: 341
Best chromosome in current generation with value: 52, competence: 98.000:
3, 3, 3, 1, 2, 3, 3, 2, 1, 3, 1, 2, 2, 1, 3, 3, 1, 2, 2
competence values:
98, 95, 98, 98, 88, 98, 95, 98, 98, 94, 98, 98, 99, 98, 98, 99, 95, 98, 98, 98, 98, 98, 98, 98, 98, 98, 98, 98, 94, 99, 95, 98, 99, 94, 98, 98, 98, 98, 98, 98, 98, 98, 98, 94, 98, 94, 98, 95, 98, 98, 98, 98, 94, 99, 98, 95, 99, 98, 98, 98, 98, 99, 98, 98, 98, 98, 99, 98, 98, 99, 98, 98, 95, 98, 94, 98, 98, 98, 98, 94, 98, 99, 98, 98, 99, 98, 98, 95, 98, 99, 98, 98, 98, 98, 98, 99, 98, 94, 98, 98
Number of unique chromosomes (out of 100 chromosomes in total): 11
**********************************************************************
Printing generation: 351
Best chromosome in current generation with value: 56, competence: 98.000:
1, 3, 3, 1, 2, 3, 3, 2, 1, 3, 1, 2, 2, 1, 3, 3, 1, 2, 2
competence values:
98, 95, 99, 98, 98, 98, 98, 91, 90, 94, 94, 98, 98, 98, 98, 98, 98, 94, 98, 98, 98, 94, 98, 94, 98, 99, 98, 98, 98, 91, 94, 98, 94, 98, 94, 98, 92, 98, 94, 98, 98, 94, 98, 98, 94, 98, 98, 98, 98, 90, 98, 99, 98, 94, 98, 94, 98, 94, 98, 98, 98, 91, 98, 98, 94, 98, 98, 98, 91, 98, 90, 94, 94, 94, 98, 98, 94, 98, 94, 98, 98, 98, 98, 98, 98, 94, 90, 91, 93, 94, 99, 99, 98, 98, 98, 99, 98, 98, 95, 98
Number of unique chromosomes (out of 100 chromosomes in total): 18
**********************************************************************
Printing generation: 361
Best chromosome in current generation with value: 52, competence: 91.000:
2, 3, 3, 1, 2, 3, 3, 2, 1, 3, 1, 2, 2, 1, 3, 3, 1, 2, 2
competence values:
91, 98, 98, 90, 98, 98, 98, 98, 91, 98, 98, 98, 98, 98, 98, 98, 99, 98, 99, 94, 98, 98, 90, 91, 94, 98, 91, 94, 94, 91, 90, 99, 98, 98, 98, 98, 98, 98, 98, 98, 96, 99, 94, 98, 98, 94, 94, 98, 98, 98, 99, 98, 91, 90, 98, 98, 98, 98, 98, 98, 98, 99, 98, 98, 98, 98, 94, 91, 98, 98, 98, 99, 91, 98, 94, 98, 98, 98, 98, 98, 98, 98, 98, 94, 98, 99, 98, 98, 98, 99, 99, 98, 98, 98, 98, 98, 98, 91, 99, 98
Number of unique chromosomes (out of 100 chromosomes in total): 15
**********************************************************************
Printing generation: 371
Best chromosome in current generation with value: 53, competence: 98.000:
2, 3, 3, 1, 2, 3, 3, 2, 1, 3, 1, 2, 2, 2, 3, 3, 1, 2, 2
competence values:
98, 99, 99, 95, 98, 99, 96, 98, 100, 96, 99, 98, 98, 99, 99, 98, 99, 99, 94, 98, 99, 98, 99, 98, 99, 99, 98, 96, 98, 98, 98, 99, 91, 95, 98, 78, 98, 99, 98, 86, 94, 98, 98, 98, 99, 99, 98, 98, 99, 99, 94, 98, 85, 98, 86, 98, 90, 98, 99, 99, 91, 96, 97, 94, 98, 98, 99, 98, 98, 99, 98, 99, 98, 91, 99, 91, 87, 87, 99, 90, 98, 90, 94, 91, 98, 99, 98, 94, 98, 99, 98, 98, 99, 98, 90, 98, 97, 98, 99, 98
Number of unique chromosomes (out of 100 chromosomes in total): 17
**********************************************************************
Printing generation: 381
Best chromosome in current generation with value: 55, competence: 91.000:
1, 3, 3, 1, 2, 3, 3, 2, 1, 2, 1, 2, 2, 3, 3, 3, 1, 2, 2
competence values:
91, 90, 99, 99, 98, 91, 96, 99, 87, 99, 91, 99, 98, 91, 99, 99, 98, 98, 88, 88, 99, 91, 99, 99, 97, 99, 98, 99, 99, 94, 91, 91, 98, 88, 91, 97, 99, 99, 98, 98, 98, 99, 91, 99, 99, 89, 97, 98, 99, 99, 99, 91, 99, 91, 95, 98, 88, 99, 98, 91, 98, 94, 99, 99, 91, 99, 94, 87, 83, 98, 98, 91, 85, 98, 91, 99, 85, 91, 98, 91, 91, 90, 99, 99, 98, 87, 98, 91, 96, 98, 98, 98, 91, 91, 91, 98, 99, 99, 99, 99
Number of unique chromosomes (out of 100 chromosomes in total): 19
**********************************************************************
Printing generation: 391
Best chromosome in current generation with value: 58, competence: 92.000:
2, 3, 3, 1, 2, 3, 3, 3, 1, 3, 1, 2, 2, 3, 3, 3, 1, 2, 2
competence values:
92, 99, 99, 91, 83, 99, 99, 99, 99, 99, 99, 99, 99, 99, 99, 99, 99, 91, 99, 99, 99, 98, 99, 91, 91, 99, 99, 99, 99, 99, 99, 98, 89, 92, 99, 83, 99, 91, 91, 99, 99, 91, 98, 91, 99, 99, 99, 98, 91, 91, 99, 92, 99, 99, 99, 99, 99, 99, 99, 99, 99, 98, 99, 98, 91, 91, 99, 99, 99, 91, 98, 99, 99, 99, 99, 91, 98, 90, 97, 98, 99, 98, 99, 92, 98, 91, 99, 98, 91, 92, 91, 99, 99, 91, 83, 99, 98, 99, 99, 99
Number of unique chromosomes (out of 100 chromosomes in total): 16
**********************************************************************
Printing generation: 401
Best chromosome in current generation with value: 59, competence: 91.000:
2, 3, 3, 1, 2, 3, 2, 2, 3, 3, 1, 2, 2, 3, 3, 3, 1, 2, 2
competence values:
91, 83, 83, 99, 99, 99, 94, 99, 91, 98, 91, 99, 99, 99, 91, 99, 99, 91, 91, 91, 91, 99, 91, 98, 91, 98, 98, 91, 99, 99, 98, 98, 99, 99, 99, 99, 91, 99, 99, 91, 99, 99, 99, 91, 91, 99, 99, 99, 99, 98, 98, 99, 91, 98, 91, 99, 86, 99, 91, 91, 99, 90, 99, 91, 90, 99, 99, 99, 99, 98, 91, 98, 99, 91, 99, 91, 91, 98, 98, 98, 99, 91, 91, 99, 99, 98, 99, 99, 99, 99, 98, 98, 91, 99, 91, 99, 99, 99, 99, 98
Number of unique chromosomes (out of 100 chromosomes in total): 15
**********************************************************************
Printing generation: 411
Best chromosome in current generation with value: 52, competence: 97.000:
2, 3, 3, 1, 3, 3, 3, 2, 1, 3, 1, 2, 2, 3, 2, 3, 1, 2, 2
competence values:
97, 98, 99, 94, 98, 98, 99, 98, 99, 98, 97, 98, 99, 98, 99, 99, 98, 98, 91, 86, 91, 98, 98, 91, 99, 99, 91, 98, 91, 97, 99, 97, 98, 98, 98, 98, 91, 94, 98, 94, 91, 98, 98, 99, 98, 91, 98, 98, 93, 99, 98, 98, 98, 99, 91, 99, 91, 99, 91, 98, 98, 91, 99, 98, 98, 97, 94, 98, 91, 98, 99, 94, 98, 93, 91, 93, 98, 98, 98, 98, 91, 99, 98, 93, 99, 97, 91, 91, 91, 98, 98, 98, 99, 98, 99, 91, 98, 94, 98, 91
Number of unique chromosomes (out of 100 chromosomes in total): 19
**********************************************************************
New best solution found in generation: 412
Best chromosome in current generation with value: 50, competence: 98.000:
2, 3, 3, 1, 2, 3, 2, 2, 1, 3, 1, 2, 2, 3, 3, 3, 1, 2, 3
competence values:
98, 98, 99, 99, 98, 99, 98, 99, 91, 98, 91, 97, 98, 99, 91, 98, 98, 86, 98, 91, 97, 99, 99, 98, 99, 91, 97, 98, 97, 99, 98, 99, 98, 95, 98, 100, 97, 98, 93, 91, 94, 97, 98, 98, 94, 99, 99, 98, 98, 93, 98, 98, 94, 99, 98, 97, 98, 98, 86, 98, 90, 86, 97, 98, 99, 91, 91, 99, 97, 91, 98, 98, 89, 99, 95, 98, 98, 98, 91, 93, 98, 98, 91, 91, 91, 90, 99, 86, 99, 99, 98, 98, 98, 98, 98, 93, 99, 98, 98, 97
Number of unique chromosomes (out of 100 chromosomes in total): 22
-----------------------------------------
Overall number of generations created: 412
Number of seconds elapsed: 2.433
The final solution:
m1 : J17(8, 1), J4(13, 1), J9(13, 1), J11(16, 1) 	 sum: 50, types: 1
m2 : J5(3, 1), J1(4, 1), J13(7, 1), J7(8, 1), J12(8, 1), J8(9, 1), J18(11, 1) 	 sum: 50, types: 1
m3 : J14(2, 1), J15(4, 1), J2(5, 1), J16(5, 1), J6(7, 1), J10(8, 1), J19(9, 1), J3(10, 1) 	 sum: 50, types: 1

Objective function's value: max{50, 50, 50} = 50
*Lower bound (not necessarily tight): 50

**output format:
	m_k is the k'th machine.
	J_i(P, T, M) is the i'th job with processing time P, of type T, and is assigned to machine M (marked as '?' when unassigned).