The problem had 40 jobs that needed to be scheduled on 3 machines.
**********************************************************************
printing Initial generation:
Best chromosome in current generation with value: 146, competence: 277.000:
1, 2, 3, 1, 2, 3, 1, 2, 3, 1, 2, 3, 1, 2, 3, 1, 2, 3, 1, 2, 3, 1, 2, 3, 1, 2, 3, 1, 2, 3, 1, 2, 3, 1, 2, 3, 1, 2, 3, 1
competence values:
277, 274, 236, 264, 266, 248, 220, 224, 236, 239, 273, 234, 221, 267, 240, 259, 275, 229, 230, 270, 274, 252, 241, 229, 255, 249, 244, 247, 250, 226, 262, 241, 225, 262, 209, 210, 223, 238, 248, 257, 221, 276, 256, 252, 271, 199, 220, 262, 233, 270, 215, 237, 254, 271, 262, 247, 265, 247, 272, 244, 243, 218, 227, 245, 241, 225, 273, 245, 258, 200, 270, 208, 253, 274, 261, 225, 248, 271, 268, 221, 256, 271, 247, 262, 231, 261, 260, 255, 239, 273, 249, 254, 237, 194, 260, 261, 262, 266, 243, 238
Number of unique chromosomes (out of 100 chromosomes in total): 100
**********************************************************************
Printing generation: 11
Best chromosome in current generation with value: 147, competence: 258.000:
1, 3, 3, 3, 1, 3, 3, 1, 2, 3, 3, 2, 2, 2, 2, 1, 1, 2, 1, 3, 2, 1, 1, 3, 2, 3, 2, 1, 1, 3, 3, 2, 2, 1, 1, 1, 3, 3, 2, 2
competence values:
258, 250, 259, 231, 236, 239, 252, 237, 235, 246, 256, 261, 258, 235, 245, 195, 246, 236, 269, 262, 228, 236, 251, 241, 251, 273, 251, 251, 273, 255, 268, 266, 244, 279, 256, 245, 255, 263, 247, 261, 245, 190, 180, 276, 241, 234, 260, 216, 232, 233, 245, 242, 249, 228, 261, 228, 248, 235, 255, 235, 204, 257, 266, 218, 260, 253, 247, 246, 244, 230, 258, 247, 235, 248, 239, 209, 251, 246, 237, 251, 274, 255, 270, 272, 241, 209, 267, 265, 231, 253, 205, 265, 266, 262, 251, 260, 258, 239, 250, 243
Number of unique chromosomes (out of 100 chromosomes in total): 99
**********************************************************************
Printing generation: 21
Best chromosome in current generation with value: 155, competence: 269.000:
2, 3, 2, 3, 1, 1, 1, 3, 2, 1, 2, 3, 3, 1, 1, 3, 3, 2, 3, 2, 1, 1, 2, 1, 1, 2, 1, 3, 1, 2, 2, 1, 3, 1, 1, 3, 2, 1, 3, 3
competence values:
269, 231, 229, 216, 271, 232, 262, 234, 267, 235, 236, 238, 266, 262, 236, 256, 272, 277, 269, 262, 222, 274, 269, 255, 240, 257, 261, 274, 272, 255, 257, 263, 258, 230, 268, 269, 261, 244, 247, 268, 244, 257, 233, 226, 225, 223, 254, 248, 249, 240, 264, 237, 253, 218, 254, 242, 236, 237, 225, 206, 222, 243, 268, 273, 266, 237, 245, 273, 252, 247, 256, 234, 238, 257, 244, 208, 267, 233, 251, 248, 272, 240, 232, 264, 259, 255, 242, 242, 268, 245, 228, 262, 252, 275, 272, 249, 248, 268, 231, 267
Number of unique chromosomes (out of 100 chromosomes in total): 99
**********************************************************************
Printing generation: 31
Best chromosome in current generation with value: 168, competence: 261.000:
3, 2, 2, 3, 3, 3, 2, 2, 1, 1, 2, 3, 1, 3, 1, 3, 1, 3, 2, 2, 1, 3, 3, 1, 2, 1, 2, 2, 1, 2, 2, 1, 2, 2, 1, 2, 2, 3, 2, 2
competence values:
261, 270, 263, 248, 229, 265, 246, 275, 252, 252, 261, 236, 275, 271, 254, 267, 256, 266, 275, 245, 231, 265, 271, 270, 254, 240, 278, 274, 273, 262, 233, 271, 266, 244, 250, 264, 254, 272, 241, 262, 239, 237, 237, 274, 266, 261, 231, 268, 276, 237, 231, 233, 248, 265, 263, 255, 254, 270, 263, 251, 254, 271, 190, 231, 256, 241, 259, 254, 239, 244, 263, 273, 246, 215, 274, 219, 251, 264, 266, 235, 222, 215, 246, 212, 260, 230, 246, 244, 262, 281, 276, 261, 255, 260, 272, 253, 266, 224, 254, 277
Number of unique chromosomes (out of 100 chromosomes in total): 98
**********************************************************************
Printing generation: 41
Best chromosome in current generation with value: 168, competence: 242.000:
2, 3, 1, 3, 3, 2, 3, 3, 2, 3, 3, 2, 1, 1, 3, 1, 3, 3, 1, 2, 2, 2, 2, 2, 1, 2, 1, 1, 3, 1, 1, 3, 2, 1, 3, 1, 3, 2, 1, 2
competence values:
242, 239, 251, 226, 277, 257, 237, 277, 250, 262, 251, 243, 252, 244, 253, 263, 264, 252, 234, 275, 235, 265, 250, 265, 268, 236, 249, 274, 269, 218, 264, 257, 221, 253, 249, 248, 256, 268, 238, 267, 259, 222, 264, 275, 257, 249, 232, 262, 251, 256, 208, 213, 266, 261, 247, 275, 271, 262, 258, 216, 251, 232, 252, 229, 187, 260, 264, 263, 234, 218, 260, 236, 258, 267, 257, 241, 249, 227, 259, 221, 248, 265, 258, 256, 245, 269, 255, 262, 248, 267, 259, 245, 243, 249, 250, 268, 271, 230, 246, 231
Number of unique chromosomes (out of 100 chromosomes in total): 97
**********************************************************************
Printing generation: 51
Best chromosome in current generation with value: 186, competence: 249.000:
2, 3, 2, 3, 1, 2, 2, 3, 2, 3, 3, 2, 1, 2, 1, 1, 3, 3, 2, 2, 1, 3, 3, 3, 3, 1, 3, 2, 1, 3, 3, 3, 1, 1, 3, 1, 3, 3, 2, 1
competence values:
249, 239, 247, 270, 278, 260, 260, 261, 270, 259, 273, 261, 272, 259, 223, 274, 245, 261, 275, 277, 255, 262, 266, 236, 272, 267, 245, 262, 252, 221, 246, 262, 241, 265, 268, 268, 247, 248, 265, 251, 267, 263, 257, 218, 267, 237, 270, 251, 261, 271, 257, 252, 234, 262, 268, 252, 272, 258, 235, 271, 266, 250, 242, 253, 249, 227, 217, 268, 265, 260, 243, 249, 247, 256, 228, 267, 267, 251, 255, 254, 256, 266, 237, 262, 262, 274, 267, 248, 260, 260, 280, 250, 238, 261, 267, 256, 270, 242, 212, 257
Number of unique chromosomes (out of 100 chromosomes in total): 97
**********************************************************************
Printing generation: 61
Best chromosome in current generation with value: 171, competence: 274.000:
2, 3, 1, 3, 1, 2, 2, 3, 2, 3, 2, 2, 1, 2, 1, 3, 1, 3, 1, 2, 1, 3, 3, 1, 2, 2, 2, 2, 1, 1, 1, 2, 2, 1, 1, 1, 3, 3, 2, 1
competence values:
274, 270, 272, 277, 272, 220, 254, 245, 259, 257, 257, 260, 241, 277, 265, 249, 266, 262, 270, 270, 261, 246, 247, 264, 270, 262, 262, 278, 251, 275, 278, 278, 264, 276, 219, 266, 268, 267, 256, 241, 271, 249, 221, 265, 253, 225, 274, 267, 267, 255, 264, 263, 250, 264, 227, 261, 266, 263, 265, 274, 246, 239, 277, 232, 260, 273, 249, 269, 267, 261, 261, 268, 261, 238, 255, 252, 227, 254, 264, 275, 267, 273, 255, 256, 268, 273, 270, 259, 264, 270, 266, 243, 244, 260, 262, 196, 271, 272, 277, 268
Number of unique chromosomes (out of 100 chromosomes in total): 99
**********************************************************************
Printing generation: 71
Best chromosome in current generation with value: 162, competence: 257.000:
2, 3, 2, 3, 2, 3, 2, 2, 1, 1, 2, 3, 3, 3, 1, 3, 1, 3, 1, 3, 2, 3, 3, 1, 2, 1, 2, 2, 1, 2, 2, 2, 2, 1, 2, 3, 3, 3, 3, 3
competence values:
257, 251, 273, 245, 267, 264, 249, 256, 259, 263, 226, 209, 255, 262, 244, 263, 251, 253, 227, 250, 234, 273, 223, 263, 246, 259, 275, 254, 241, 255, 240, 262, 249, 255, 260, 267, 276, 266, 247, 279, 244, 260, 265, 252, 242, 230, 271, 236, 269, 231, 259, 267, 260, 249, 272, 250, 272, 251, 263, 263, 249, 262, 231, 252, 271, 263, 269, 275, 272, 254, 269, 244, 228, 251, 273, 232, 270, 260, 267, 269, 253, 259, 234, 245, 275, 244, 272, 226, 255, 242, 261, 274, 249, 234, 263, 239, 246, 272, 276, 253
Number of unique chromosomes (out of 100 chromosomes in total): 100
**********************************************************************
New best solution found in generation: 76
Best chromosome in current generation with value: 143, competence: 262.000:
2, 3, 1, 1, 3, 3, 2, 3, 2, 3, 3, 2, 1, 2, 1, 1, 1, 3, 2, 2, 1, 1, 3, 1, 2, 1, 2, 2, 3, 1, 1, 2, 2, 1, 1, 1, 3, 3, 3, 2
competence values:
262, 267, 272, 271, 259, 280, 268, 257, 262, 258, 270, 232, 260, 280, 231, 251, 253, 270, 276, 263, 267, 249, 259, 255, 231, 206, 275, 277, 273, 269, 235, 275, 252, 278, 271, 269, 264, 267, 277, 240, 275, 265, 227, 271, 264, 255, 248, 260, 265, 259, 251, 255, 256, 256, 277, 271, 249, 270, 271, 246, 274, 272, 252, 268, 251, 251, 251, 278, 224, 243, 238, 242, 278, 245, 272, 260, 240, 249, 271, 262, 272, 279, 271, 250, 264, 242, 255, 256, 261, 264, 238, 276, 265, 256, 274, 280, 271, 268, 277, 237
Number of unique chromosomes (out of 100 chromosomes in total): 96
**********************************************************************
Printing generation: 81
Best chromosome in current generation with value: 160, competence: 259.000:
2, 1, 3, 3, 3, 2, 3, 3, 1, 3, 3, 2, 1, 2, 1, 3, 1, 3, 2, 2, 1, 3, 1, 1, 2, 1, 2, 2, 3, 1, 1, 2, 2, 1, 1, 1, 3, 3, 3, 2
competence values:
259, 271, 249, 240, 253, 280, 269, 246, 264, 270, 247, 267, 264, 266, 262, 258, 266, 276, 268, 269, 277, 260, 260, 271, 264, 252, 269, 266, 278, 255, 274, 278, 268, 258, 271, 263, 260, 271, 267, 267, 276, 266, 245, 221, 271, 265, 243, 256, 274, 276, 271, 271, 256, 267, 274, 271, 280, 271, 269, 276, 266, 258, 278, 278, 255, 266, 266, 263, 253, 276, 267, 269, 257, 266, 267, 264, 248, 247, 242, 236, 268, 272, 248, 249, 270, 271, 265, 269, 269, 263, 248, 250, 257, 250, 264, 258, 271, 241, 263, 257
Number of unique chromosomes (out of 100 chromosomes in total): 97
**********************************************************************
Printing generation: 91
Best chromosome in current generation with value: 152, competence: 274.000:
2, 3, 1, 1, 3, 3, 2, 3, 2, 3, 3, 1, 1, 2, 1, 3, 1, 3, 1, 2, 2, 3, 3, 1, 2, 1, 2, 2, 1, 2, 2, 2, 2, 1, 3, 1, 3, 3, 3, 2
competence values:
274, 263, 264, 272, 264, 270, 256, 256, 268, 269, 276, 261, 248, 265, 257, 262, 266, 274, 253, 254, 258, 266, 277, 270, 275, 270, 255, 273, 254, 253, 255, 266, 261, 272, 269, 276, 266, 280, 270, 272, 255, 242, 257, 274, 266, 275, 255, 268, 267, 278, 253, 253, 274, 269, 277, 275, 276, 278, 269, 267, 263, 275, 267, 268, 249, 265, 266, 245, 251, 260, 266, 256, 278, 266, 259, 278, 259, 263, 268, 275, 259, 271, 255, 259, 278, 275, 251, 261, 270, 260, 267, 254, 278, 270, 277, 272, 266, 273, 262, 259
Number of unique chromosomes (out of 100 chromosomes in total): 95
**********************************************************************
Printing generation: 101
Best chromosome in current generation with value: 148, competence: 256.000:
2, 3, 2, 3, 1, 3, 2, 3, 2, 3, 3, 2, 1, 2, 1, 1, 1, 3, 1, 2, 2, 1, 3, 3, 2, 1, 2, 1, 1, 2, 2, 2, 2, 1, 3, 1, 3, 3, 2, 1
competence values:
256, 247, 263, 260, 234, 273, 271, 260, 279, 247, 215, 257, 267, 240, 242, 270, 277, 273, 268, 277, 272, 262, 266, 252, 259, 268, 251, 264, 257, 240, 260, 269, 271, 271, 265, 269, 255, 275, 258, 279, 268, 276, 271, 273, 268, 280, 280, 250, 256, 261, 260, 257, 259, 278, 260, 260, 270, 259, 272, 255, 268, 259, 256, 265, 275, 251, 249, 250, 266, 264, 266, 259, 275, 266, 268, 271, 277, 261, 261, 257, 261, 259, 278, 232, 253, 247, 268, 268, 257, 268, 259, 268, 270, 260, 258, 269, 268, 267, 280, 268
Number of unique chromosomes (out of 100 chromosomes in total): 94
**********************************************************************
Printing generation: 111
Best chromosome in current generation with value: 165, competence: 264.000:
2, 3, 1, 1, 3, 3, 2, 3, 2, 3, 3, 2, 1, 2, 3, 3, 1, 3, 1, 2, 2, 1, 3, 1, 2, 1, 2, 2, 1, 2, 2, 3, 2, 1, 3, 1, 3, 3, 3, 2
competence values:
264, 268, 269, 270, 247, 249, 273, 264, 275, 266, 267, 281, 266, 269, 274, 277, 271, 271, 279, 266, 246, 280, 259, 273, 269, 269, 263, 262, 270, 237, 279, 266, 270, 271, 253, 260, 269, 274, 266, 276, 260, 261, 272, 276, 267, 271, 269, 268, 270, 268, 274, 274, 273, 260, 266, 257, 263, 263, 263, 260, 257, 277, 261, 266, 246, 263, 253, 269, 273, 277, 260, 264, 248, 275, 268, 258, 272, 259, 270, 273, 237, 264, 264, 269, 260, 259, 271, 276, 251, 270, 268, 271, 272, 270, 263, 276, 264, 274, 265, 262
Number of unique chromosomes (out of 100 chromosomes in total): 91
**********************************************************************
Printing generation: 121
Best chromosome in current generation with value: 151, competence: 266.000:
2, 3, 2, 3, 1, 3, 2, 3, 2, 3, 3, 2, 1, 2, 1, 3, 1, 3, 1, 2, 2, 3, 3, 1, 2, 1, 2, 2, 1, 1, 2, 2, 2, 1, 1, 1, 3, 3, 3, 1
competence values:
266, 249, 259, 250, 266, 247, 259, 248, 269, 247, 279, 260, 252, 269, 266, 272, 276, 266, 247, 251, 273, 273, 276, 269, 266, 257, 276, 274, 269, 266, 265, 247, 278, 265, 276, 266, 269, 267, 247, 273, 263, 249, 265, 236, 279, 269, 268, 253, 253, 263, 269, 260, 266, 263, 253, 278, 277, 263, 253, 266, 276, 273, 268, 266, 253, 263, 269, 266, 260, 271, 272, 269, 257, 272, 247, 273, 278, 233, 279, 271, 265, 266, 247, 262, 268, 268, 257, 279, 263, 269, 266, 266, 273, 278, 273, 268, 256, 254, 264, 256
Number of unique chromosomes (out of 100 chromosomes in total): 87
**********************************************************************
Printing generation: 131
Best chromosome in current generation with value: 157, competence: 253.000:
2, 3, 2, 3, 1, 3, 2, 3, 2, 3, 3, 2, 1, 2, 1, 3, 1, 3, 1, 2, 2, 3, 3, 1, 2, 1, 2, 2, 1, 2, 1, 1, 2, 1, 1, 1, 3, 3, 3, 2
competence values:
253, 277, 271, 279, 275, 277, 262, 256, 271, 269, 266, 262, 271, 272, 266, 257, 250, 269, 257, 231, 269, 269, 260, 266, 268, 273, 268, 266, 281, 276, 269, 279, 276, 275, 266, 266, 276, 260, 268, 247, 269, 257, 278, 260, 265, 260, 243, 263, 247, 266, 269, 266, 269, 241, 269, 276, 269, 269, 266, 256, 250, 260, 266, 268, 272, 272, 274, 266, 247, 273, 266, 253, 281, 255, 267, 269, 263, 253, 279, 273, 273, 263, 269, 256, 268, 266, 277, 263, 269, 279, 257, 245, 279, 269, 276, 267, 266, 266, 266, 269
Number of unique chromosomes (out of 100 chromosomes in total): 78
**********************************************************************
Printing generation: 141
Best chromosome in current generation with value: 160, competence: 262.000:
2, 3, 2, 3, 1, 3, 2, 3, 2, 3, 3, 2, 1, 2, 1, 3, 1, 3, 1, 2, 2, 3, 3, 1, 2, 1, 2, 2, 1, 1, 1, 1, 2, 1, 1, 1, 3, 3, 3, 2
competence values:
262, 273, 240, 276, 266, 268, 276, 263, 279, 279, 263, 262, 258, 269, 250, 276, 266, 260, 268, 269, 258, 263, 277, 266, 276, 266, 266, 266, 250, 266, 272, 274, 276, 279, 267, 261, 271, 267, 279, 262, 279, 254, 261, 251, 271, 266, 274, 260, 263, 269, 262, 266, 269, 266, 250, 269, 266, 273, 266, 263, 257, 250, 259, 279, 252, 268, 277, 250, 260, 279, 247, 272, 255, 279, 250, 250, 263, 268, 255, 250, 263, 254, 280, 230, 256, 253, 271, 250, 267, 269, 266, 279, 266, 246, 271, 272, 257, 270, 269, 271
Number of unique chromosomes (out of 100 chromosomes in total): 75
**********************************************************************
Printing generation: 151
Best chromosome in current generation with value: 151, competence: 270.000:
2, 3, 2, 3, 3, 3, 2, 3, 2, 3, 3, 2, 1, 2, 1, 3, 1, 3, 1, 2, 2, 3, 3, 1, 2, 1, 3, 2, 1, 2, 2, 2, 2, 1, 1, 1, 3, 3, 3, 2
competence values:
270, 271, 271, 271, 257, 247, 262, 268, 266, 266, 266, 268, 263, 274, 257, 268, 273, 278, 256, 273, 252, 272, 262, 261, 260, 258, 271, 263, 276, 267, 273, 271, 256, 263, 273, 275, 243, 275, 257, 268, 271, 273, 268, 270, 247, 263, 279, 269, 273, 268, 269, 250, 263, 269, 266, 271, 263, 266, 269, 269, 254, 273, 272, 257, 260, 279, 266, 257, 252, 255, 266, 263, 271, 268, 273, 273, 271, 272, 276, 257, 266, 256, 270, 250, 271, 268, 266, 277, 269, 272, 273, 271, 273, 279, 273, 271, 269, 266, 252, 275
Number of unique chromosomes (out of 100 chromosomes in total): 76
**********************************************************************
Printing generation: 161
Best chromosome in current generation with value: 144, competence: 274.000:
2, 3, 2, 3, 3, 3, 2, 3, 2, 3, 3, 2, 1, 2, 1, 3, 1, 3, 1, 2, 2, 3, 3, 1, 2, 1, 2, 2, 1, 1, 1, 1, 2, 1, 1, 1, 3, 3, 3, 2
competence values:
274, 263, 270, 260, 271, 273, 257, 271, 271, 269, 253, 279, 272, 266, 267, 267, 278, 274, 273, 279, 266, 263, 271, 272, 273, 275, 260, 276, 269, 266, 275, 263, 263, 263, 266, 263, 258, 273, 272, 271, 277, 271, 272, 279, 260, 271, 271, 266, 274, 279, 280, 257, 271, 279, 263, 268, 279, 271, 279, 277, 263, 267, 272, 269, 252, 258, 271, 270, 269, 266, 272, 263, 263, 263, 265, 246, 265, 274, 275, 274, 276, 273, 265, 266, 263, 257, 267, 258, 282, 273, 274, 263, 250, 269, 265, 279, 263, 260, 271, 273
Number of unique chromosomes (out of 100 chromosomes in total): 82
**********************************************************************
Printing generation: 171
Best chromosome in current generation with value: 156, competence: 274.000:
2, 3, 2, 3, 3, 3, 1, 3, 2, 3, 3, 2, 2, 2, 1, 3, 1, 3, 1, 2, 2, 1, 3, 1, 2, 1, 2, 2, 1, 1, 1, 2, 2, 1, 1, 1, 3, 3, 3, 2
competence values:
274, 259, 256, 274, 255, 277, 263, 266, 280, 280, 260, 257, 268, 266, 280, 268, 274, 274, 273, 275, 269, 269, 280, 247, 272, 272, 272, 253, 280, 268, 263, 274, 273, 269, 270, 254, 274, 272, 272, 273, 256, 271, 276, 277, 278, 276, 258, 266, 260, 274, 260, 263, 275, 272, 256, 266, 260, 274, 275, 273, 273, 265, 278, 260, 263, 241, 260, 279, 261, 256, 260, 263, 260, 274, 259, 266, 272, 272, 272, 261, 253, 271, 276, 270, 272, 260, 268, 276, 263, 260, 265, 274, 278, 280, 271, 279, 250, 274, 271, 244
Number of unique chromosomes (out of 100 chromosomes in total): 76
**********************************************************************
Printing generation: 181
Best chromosome in current generation with value: 148, competence: 254.000:
2, 3, 2, 3, 1, 3, 3, 3, 2, 3, 3, 2, 1, 2, 1, 3, 1, 3, 1, 2, 2, 1, 3, 1, 2, 1, 2, 2, 1, 3, 1, 2, 2, 1, 3, 1, 3, 3, 3, 2
competence values:
254, 260, 277, 277, 278, 278, 270, 234, 271, 276, 234, 272, 274, 264, 272, 263, 260, 277, 271, 278, 275, 272, 271, 277, 271, 273, 257, 277, 266, 274, 272, 279, 272, 272, 266, 269, 275, 261, 270, 268, 269, 263, 257, 260, 274, 271, 260, 272, 269, 266, 269, 269, 266, 278, 254, 250, 272, 261, 277, 275, 272, 269, 271, 272, 273, 272, 270, 266, 272, 269, 269, 276, 269, 264, 269, 254, 279, 260, 271, 276, 271, 274, 276, 261, 257, 269, 275, 271, 260, 269, 274, 256, 266, 260, 277, 260, 274, 270, 271, 266
Number of unique chromosomes (out of 100 chromosomes in total): 65
**********************************************************************
Printing generation: 191
Best chromosome in current generation with value: 160, competence: 254.000:
2, 3, 2, 3, 1, 3, 3, 3, 2, 3, 3, 2, 1, 2, 1, 3, 1, 3, 1, 2, 2, 1, 3, 1, 2, 1, 2, 2, 1, 3, 1, 2, 2, 1, 1, 1, 3, 3, 3, 2
competence values:
254, 244, 275, 263, 274, 271, 278, 271, 263, 260, 271, 263, 274, 273, 256, 249, 274, 263, 271, 269, 262, 271, 274, 268, 277, 272, 272, 274, 269, 274, 271, 269, 275, 271, 262, 271, 271, 269, 266, 260, 266, 274, 278, 274, 271, 272, 246, 266, 275, 255, 278, 251, 278, 263, 271, 271, 257, 254, 260, 266, 278, 271, 271, 272, 272, 271, 269, 263, 274, 274, 274, 274, 274, 277, 251, 263, 273, 263, 279, 257, 269, 271, 260, 263, 274, 266, 274, 260, 245, 268, 266, 272, 269, 260, 274, 271, 278, 274, 266, 266
Number of unique chromosomes (out of 100 chromosomes in total): 61
**********************************************************************
Printing generation: 201
Best chromosome in current generation with value: 175, competence: 252.000:
3, 3, 2, 3, 1, 3, 2, 3, 2, 3, 3, 2, 1, 2, 1, 3, 1, 3, 1, 2, 2, 3, 3, 1, 2, 1, 2, 2, 1, 3, 3, 1, 2, 1, 1, 3, 3, 3, 3, 2
competence values:
252, 255, 266, 251, 267, 277, 269, 270, 250, 274, 276, 273, 266, 266, 263, 257, 267, 266, 275, 256, 275, 267, 255, 271, 271, 260, 269, 269, 273, 271, 271, 275, 272, 269, 271, 263, 269, 269, 271, 278, 263, 274, 269, 269, 274, 266, 274, 271, 274, 271, 263, 269, 278, 267, 274, 274, 255, 271, 260, 274, 266, 263, 252, 276, 269, 267, 240, 274, 274, 261, 260, 263, 266, 279, 258, 272, 256, 248, 272, 272, 269, 273, 258, 276, 267, 267, 261, 267, 268, 271, 267, 273, 259, 274, 234, 255, 271, 240, 267, 275
Number of unique chromosomes (out of 100 chromosomes in total): 64
**********************************************************************
Printing generation: 211
Best chromosome in current generation with value: 164, competence: 273.000:
2, 3, 2, 3, 1, 3, 1, 3, 2, 3, 3, 2, 1, 1, 1, 3, 1, 3, 3, 2, 2, 1, 3, 1, 2, 1, 2, 2, 1, 1, 2, 2, 2, 1, 3, 3, 3, 3, 3, 2
competence values:
273, 271, 263, 273, 274, 279, 273, 252, 263, 268, 273, 263, 271, 272, 266, 271, 252, 275, 274, 239, 273, 273, 273, 257, 258, 273, 273, 255, 274, 274, 257, 274, 272, 274, 271, 276, 253, 272, 273, 272, 257, 276, 256, 267, 255, 274, 273, 272, 274, 274, 273, 273, 255, 271, 273, 273, 263, 273, 252, 271, 269, 267, 274, 278, 258, 267, 263, 255, 273, 263, 258, 273, 257, 271, 274, 240, 274, 263, 273, 274, 271, 258, 270, 274, 274, 260, 273, 275, 275, 260, 273, 258, 268, 267, 274, 240, 275, 263, 252, 263
Number of unique chromosomes (out of 100 chromosomes in total): 65
**********************************************************************
Printing generation: 221
Best chromosome in current generation with value: 151, competence: 267.000:
2, 3, 2, 3, 1, 3, 2, 3, 2, 3, 3, 2, 1, 2, 1, 3, 1, 3, 1, 2, 2, 1, 3, 1, 2, 1, 2, 2, 1, 3, 2, 1, 2, 1, 1, 1, 3, 3, 3, 2
competence values:
267, 255, 272, 265, 257, 268, 266, 260, 274, 274, 268, 255, 274, 272, 275, 271, 274, 276, 274, 268, 260, 257, 271, 267, 273, 272, 271, 271, 268, 274, 274, 273, 272, 268, 267, 272, 252, 272, 268, 274, 274, 274, 257, 263, 263, 258, 254, 273, 272, 271, 259, 273, 273, 255, 276, 274, 257, 269, 274, 274, 272, 272, 253, 273, 273, 260, 258, 272, 274, 271, 258, 239, 274, 274, 267, 253, 271, 272, 274, 258, 258, 275, 253, 271, 276, 266, 279, 272, 271, 274, 277, 268, 274, 255, 258, 274, 270, 254, 273, 268
Number of unique chromosomes (out of 100 chromosomes in total): 61
**********************************************************************
Printing generation: 231
Best chromosome in current generation with value: 163, competence: 259.000:
2, 3, 1, 3, 1, 3, 2, 1, 2, 3, 3, 2, 1, 2, 1, 2, 1, 3, 1, 2, 2, 1, 3, 1, 2, 1, 2, 2, 1, 3, 1, 2, 2, 1, 1, 3, 3, 3, 3, 2
competence values:
259, 263, 263, 263, 271, 249, 259, 259, 272, 273, 273, 273, 260, 258, 274, 263, 274, 273, 272, 271, 273, 274, 263, 263, 269, 258, 274, 274, 271, 271, 274, 263, 274, 274, 274, 255, 258, 260, 273, 261, 263, 263, 274, 273, 269, 271, 271, 271, 263, 266, 274, 271, 269, 273, 263, 274, 273, 263, 273, 257, 268, 273, 273, 265, 273, 263, 273, 275, 274, 274, 275, 274, 279, 274, 274, 271, 273, 271, 271, 262, 273, 271, 276, 274, 271, 274, 260, 263, 263, 269, 273, 266, 263, 269, 272, 271, 269, 274, 254, 269
Number of unique chromosomes (out of 100 chromosomes in total): 47
**********************************************************************
Printing generation: 241
Best chromosome in current generation with value: 155, competence: 273.000:
2, 3, 2, 3, 1, 3, 3, 3, 2, 2, 3, 1, 1, 2, 1, 3, 1, 3, 1, 2, 2, 1, 3, 1, 2, 1, 2, 2, 1, 3, 1, 1, 2, 1, 3, 3, 3, 3, 3, 2
competence values:
273, 268, 270, 272, 275, 266, 266, 271, 262, 266, 271, 267, 273, 274, 274, 273, 275, 258, 258, 268, 271, 274, 265, 275, 275, 260, 269, 258, 273, 270, 269, 273, 273, 273, 277, 277, 271, 261, 274, 247, 277, 263, 266, 274, 263, 258, 277, 274, 274, 254, 275, 260, 260, 277, 275, 257, 275, 258, 277, 273, 274, 273, 271, 268, 271, 259, 274, 273, 275, 266, 272, 269, 259, 268, 263, 273, 260, 275, 273, 257, 259, 272, 259, 268, 271, 269, 275, 260, 271, 273, 274, 269, 274, 274, 257, 258, 252, 258, 275, 273
Number of unique chromosomes (out of 100 chromosomes in total): 64
**********************************************************************
Printing generation: 251
Best chromosome in current generation with value: 152, competence: 269.000:
2, 3, 2, 3, 1, 3, 3, 3, 2, 3, 3, 1, 1, 2, 1, 3, 1, 3, 1, 2, 2, 1, 3, 1, 2, 1, 2, 2, 1, 3, 1, 2, 2, 1, 3, 3, 3, 3, 3, 2
competence values:
269, 272, 269, 275, 248, 260, 273, 273, 273, 259, 274, 268, 271, 273, 268, 256, 273, 272, 259, 261, 273, 260, 273, 275, 271, 275, 268, 271, 266, 273, 269, 275, 258, 275, 272, 262, 275, 275, 275, 273, 275, 281, 275, 258, 272, 262, 256, 271, 274, 279, 275, 275, 248, 263, 271, 260, 271, 261, 263, 273, 271, 269, 273, 248, 273, 275, 273, 243, 277, 277, 270, 272, 271, 279, 272, 273, 272, 275, 275, 248, 268, 273, 273, 268, 273, 274, 273, 275, 271, 269, 271, 260, 269, 273, 273, 275, 273, 259, 275, 273
Number of unique chromosomes (out of 100 chromosomes in total): 57
**********************************************************************
Printing generation: 261
Best chromosome in current generation with value: 145, competence: 269.000:
2, 3, 2, 3, 1, 3, 3, 2, 2, 3, 3, 2, 1, 2, 1, 3, 1, 3, 1, 2, 2, 1, 3, 1, 2, 1, 2, 2, 1, 3, 1, 2, 2, 1, 3, 3, 3, 3, 3, 2
competence values:
269, 271, 275, 273, 263, 273, 273, 276, 261, 273, 264, 273, 275, 252, 273, 271, 271, 259, 273, 274, 272, 272, 263, 274, 275, 273, 272, 272, 248, 272, 275, 273, 273, 275, 269, 275, 269, 273, 276, 273, 263, 274, 273, 272, 269, 269, 261, 273, 275, 273, 261, 278, 273, 271, 273, 259, 275, 272, 272, 271, 271, 275, 272, 258, 275, 273, 273, 246, 263, 278, 273, 269, 265, 273, 273, 263, 263, 273, 271, 276, 269, 276, 274, 269, 256, 258, 272, 261, 275, 271, 269, 275, 275, 275, 275, 275, 274, 261, 271, 273
Number of unique chromosomes (out of 100 chromosomes in total): 53
**********************************************************************
Printing generation: 271
Best chromosome in current generation with value: 143, competence: 266.000:
2, 3, 2, 3, 1, 3, 3, 2, 2, 3, 3, 1, 1, 2, 1, 3, 1, 3, 1, 2, 2, 1, 3, 1, 2, 2, 2, 2, 1, 3, 1, 2, 2, 1, 3, 3, 3, 3, 3, 2
competence values:
266, 261, 264, 275, 273, 275, 273, 273, 258, 269, 275, 275, 275, 273, 269, 256, 268, 248, 275, 271, 263, 274, 273, 255, 280, 264, 271, 272, 271, 275, 275, 268, 266, 261, 266, 275, 280, 274, 274, 273, 263, 264, 275, 264, 264, 249, 272, 273, 275, 273, 280, 264, 274, 273, 275, 275, 275, 266, 276, 243, 278, 273, 281, 272, 275, 272, 271, 271, 280, 275, 271, 261, 271, 280, 241, 273, 273, 271, 266, 256, 275, 273, 273, 273, 273, 279, 266, 268, 275, 271, 273, 280, 271, 271, 275, 275, 268, 275, 274, 273
Number of unique chromosomes (out of 100 chromosomes in total): 54
**********************************************************************
New best solution found in generation: 281
Best chromosome in current generation with value: 142, competence: 271.000:
2, 3, 1, 3, 1, 3, 3, 2, 2, 3, 3, 2, 1, 2, 1, 3, 1, 3, 1, 2, 2, 1, 3, 1, 2, 2, 2, 1, 1, 3, 1, 2, 2, 1, 3, 3, 3, 3, 3, 2
competence values:
271, 276, 273, 275, 276, 276, 271, 273, 273, 273, 277, 274, 273, 273, 270, 275, 275, 273, 273, 273, 278, 273, 275, 273, 278, 276, 271, 275, 273, 271, 275, 273, 275, 275, 273, 275, 273, 275, 271, 281, 278, 278, 277, 278, 271, 268, 273, 275, 276, 273, 273, 274, 273, 278, 273, 275, 273, 276, 273, 275, 276, 276, 271, 261, 273, 275, 271, 273, 281, 273, 273, 261, 273, 275, 275, 275, 275, 275, 275, 277, 273, 275, 273, 281, 266, 274, 275, 281, 271, 275, 273, 273, 261, 273, 271, 276, 273, 275, 274, 273
Number of unique chromosomes (out of 100 chromosomes in total): 39
**********************************************************************
Printing generation: 291
Best chromosome in current generation with value: 146, competence: 276.000:
2, 3, 2, 1, 1, 3, 3, 3, 2, 3, 3, 2, 1, 2, 1, 3, 1, 3, 1, 2, 2, 1, 3, 1, 2, 1, 2, 2, 1, 3, 1, 2, 2, 1, 3, 3, 3, 3, 3, 2
competence values:
276, 273, 262, 271, 265, 278, 269, 276, 278, 265, 275, 275, 275, 275, 273, 273, 274, 273, 273, 273, 273, 276, 273, 273, 273, 271, 278, 273, 274, 275, 275, 273, 273, 278, 274, 273, 273, 273, 278, 273, 275, 275, 273, 262, 273, 270, 277, 273, 273, 278, 268, 273, 273, 273, 273, 278, 275, 275, 275, 273, 281, 274, 273, 273, 274, 275, 275, 273, 265, 273, 278, 274, 276, 273, 273, 273, 276, 274, 271, 273, 273, 273, 278, 273, 273, 276, 261, 281, 273, 273, 276, 275, 274, 265, 273, 278, 275, 278, 273, 273
Number of unique chromosomes (out of 100 chromosomes in total): 34
**********************************************************************
Printing generation: 301
Best chromosome in current generation with value: 164, competence: 273.000:
2, 3, 1, 3, 1, 3, 1, 3, 2, 3, 3, 2, 1, 2, 1, 3, 1, 3, 1, 2, 2, 1, 3, 1, 2, 1, 2, 2, 1, 3, 3, 2, 2, 1, 3, 3, 3, 3, 3, 2
competence values:
273, 255, 273, 269, 273, 273, 273, 273, 273, 273, 273, 273, 275, 275, 281, 275, 273, 273, 275, 258, 275, 273, 263, 275, 273, 274, 274, 275, 273, 275, 275, 273, 273, 261, 273, 273, 273, 275, 270, 273, 275, 248, 273, 273, 273, 273, 273, 273, 261, 273, 273, 259, 273, 273, 273, 274, 272, 265, 275, 278, 274, 275, 273, 275, 258, 270, 273, 270, 261, 275, 273, 273, 274, 263, 273, 263, 273, 275, 275, 273, 273, 273, 275, 273, 273, 261, 273, 275, 273, 255, 273, 273, 274, 275, 268, 273, 275, 278, 260, 265
Number of unique chromosomes (out of 100 chromosomes in total): 28
**********************************************************************
Printing generation: 311
Best chromosome in current generation with value: 169, competence: 277.000:
2, 3, 2, 3, 1, 3, 3, 3, 2, 3, 3, 2, 1, 2, 1, 3, 1, 3, 1, 2, 2, 1, 3, 1, 2, 1, 2, 2, 1, 3, 3, 1, 2, 3, 3, 3, 3, 3, 3, 2
competence values:
277, 276, 271, 273, 273, 260, 273, 273, 273, 273, 273, 272, 273, 277, 271, 273, 273, 256, 273, 273, 260, 273, 260, 265, 273, 271, 273, 273, 256, 274, 260, 273, 273, 260, 273, 273, 274, 256, 256, 273, 273, 256, 273, 275, 273, 273, 260, 275, 273, 265, 273, 271, 273, 273, 273, 243, 273, 273, 273, 273, 273, 270, 268, 240, 256, 273, 260, 273, 273, 255, 256, 273, 273, 260, 273, 273, 273, 273, 256, 257, 273, 281, 273, 273, 275, 256, 256, 257, 256, 274, 276, 273, 273, 275, 273, 273, 273, 256, 273, 271
Number of unique chromosomes (out of 100 chromosomes in total): 32
**********************************************************************
Printing generation: 321
Best chromosome in current generation with value: 161, competence: 276.000:
2, 1, 2, 3, 1, 3, 3, 1, 2, 3, 3, 2, 1, 2, 1, 3, 1, 1, 1, 2, 2, 1, 3, 1, 2, 1, 2, 2, 1, 3, 3, 1, 2, 1, 3, 3, 3, 3, 3, 2
competence values:
276, 259, 273, 273, 272, 273, 275, 273, 271, 272, 267, 273, 273, 273, 273, 273, 273, 273, 273, 273, 257, 273, 273, 257, 271, 273, 273, 275, 275, 270, 270, 272, 273, 276, 273, 275, 257, 273, 273, 257, 275, 273, 270, 276, 273, 273, 275, 273, 273, 272, 273, 269, 266, 273, 273, 273, 257, 273, 257, 273, 264, 273, 271, 273, 257, 273, 273, 275, 276, 266, 273, 273, 272, 273, 260, 274, 257, 273, 273, 257, 273, 273, 269, 269, 257, 273, 273, 273, 273, 273, 260, 273, 271, 278, 273, 280, 273, 273, 277, 257
Number of unique chromosomes (out of 100 chromosomes in total): 42
**********************************************************************
Printing generation: 331
Best chromosome in current generation with value: 148, competence: 272.000:
2, 3, 2, 3, 1, 3, 1, 1, 2, 3, 3, 2, 1, 2, 1, 3, 1, 3, 1, 2, 2, 1, 3, 1, 2, 1, 2, 2, 1, 3, 1, 2, 2, 1, 3, 3, 3, 3, 3, 2
competence values:
272, 262, 273, 260, 241, 273, 243, 273, 273, 278, 275, 273, 273, 273, 273, 273, 262, 273, 273, 241, 257, 254, 260, 273, 270, 273, 257, 262, 267, 273, 270, 276, 273, 260, 254, 273, 273, 273, 271, 273, 273, 254, 260, 260, 260, 273, 273, 260, 257, 273, 273, 257, 273, 272, 276, 275, 268, 273, 260, 267, 273, 257, 273, 273, 273, 273, 275, 273, 273, 254, 273, 267, 273, 277, 267, 273, 273, 273, 268, 260, 260, 260, 254, 260, 273, 241, 273, 273, 273, 273, 273, 260, 275, 275, 273, 260, 277, 273, 271, 260
Number of unique chromosomes (out of 100 chromosomes in total): 30
**********************************************************************
Printing generation: 341
Best chromosome in current generation with value: 162, competence: 270.000:
2, 3, 1, 3, 1, 1, 1, 1, 2, 3, 3, 2, 1, 2, 1, 3, 1, 3, 1, 2, 2, 1, 3, 1, 2, 1, 2, 2, 1, 3, 1, 2, 2, 1, 3, 3, 3, 2, 3, 2
competence values:
270, 273, 260, 273, 273, 273, 273, 270, 273, 270, 278, 273, 273, 273, 271, 281, 273, 273, 273, 273, 272, 273, 274, 270, 266, 273, 273, 260, 260, 261, 266, 273, 273, 274, 273, 273, 273, 272, 260, 273, 267, 273, 273, 273, 274, 273, 267, 273, 273, 270, 273, 273, 270, 272, 273, 260, 273, 273, 273, 273, 274, 272, 273, 273, 260, 260, 273, 273, 273, 273, 273, 260, 260, 272, 275, 271, 272, 272, 270, 273, 273, 272, 273, 260, 273, 268, 273, 270, 260, 273, 271, 263, 260, 273, 261, 273, 272, 273, 273, 273
Number of unique chromosomes (out of 100 chromosomes in total): 30
**********************************************************************
Printing generation: 351
Best chromosome in current generation with value: 156, competence: 276.000:
2, 3, 1, 3, 1, 3, 3, 3, 2, 3, 2, 2, 1, 2, 1, 3, 1, 3, 1, 2, 2, 1, 3, 1, 2, 1, 2, 2, 2, 3, 1, 1, 2, 1, 3, 3, 3, 3, 1, 2
competence values:
276, 272, 273, 272, 261, 261, 273, 261, 273, 273, 273, 261, 273, 268, 272, 273, 274, 273, 273, 273, 273, 274, 278, 273, 270, 273, 274, 273, 279, 267, 278, 277, 272, 273, 276, 267, 280, 273, 273, 276, 281, 278, 276, 273, 273, 272, 268, 274, 274, 273, 273, 261, 273, 273, 274, 273, 273, 273, 274, 261, 261, 273, 276, 274, 266, 262, 274, 273, 274, 273, 273, 273, 273, 273, 273, 273, 277, 260, 273, 268, 274, 276, 276, 273, 274, 276, 271, 273, 260, 276, 270, 274, 267, 273, 274, 273, 273, 273, 272, 274
Number of unique chromosomes (out of 100 chromosomes in total): 48
**********************************************************************
Printing generation: 361
Best chromosome in current generation with value: 145, competence: 271.000:
2, 3, 1, 3, 1, 3, 3, 1, 2, 3, 3, 2, 1, 2, 1, 3, 2, 3, 1, 2, 2, 1, 3, 1, 2, 1, 2, 2, 1, 3, 1, 2, 2, 1, 3, 3, 3, 3, 3, 2
competence values:
271, 261, 274, 278, 277, 273, 274, 273, 274, 273, 274, 257, 280, 273, 272, 274, 273, 274, 273, 273, 277, 272, 273, 273, 274, 273, 271, 273, 273, 274, 276, 273, 273, 274, 274, 273, 278, 274, 274, 273, 274, 273, 273, 278, 278, 273, 274, 273, 274, 274, 274, 274, 273, 273, 273, 273, 273, 274, 274, 275, 273, 280, 273, 274, 273, 273, 273, 273, 280, 273, 274, 274, 274, 273, 273, 274, 274, 257, 261, 274, 273, 273, 273, 274, 280, 273, 273, 273, 268, 273, 274, 273, 273, 274, 258, 273, 273, 274, 273, 267
Number of unique chromosomes (out of 100 chromosomes in total): 34
**********************************************************************
Printing generation: 371
Best chromosome in current generation with value: 163, competence: 274.000:
2, 3, 2, 3, 1, 3, 3, 3, 2, 2, 2, 2, 1, 2, 1, 3, 1, 3, 1, 2, 2, 1, 3, 1, 2, 1, 2, 2, 1, 3, 1, 2, 2, 1, 3, 3, 3, 3, 1, 2
competence values:
274, 270, 280, 270, 274, 273, 273, 280, 278, 275, 281, 273, 277, 277, 276, 276, 274, 273, 274, 274, 278, 271, 274, 281, 273, 258, 281, 273, 274, 273, 275, 272, 274, 274, 274, 257, 273, 278, 273, 274, 273, 274, 258, 273, 276, 277, 271, 274, 274, 280, 278, 273, 272, 273, 273, 273, 270, 280, 274, 268, 269, 273, 280, 273, 273, 276, 272, 278, 273, 274, 257, 274, 258, 280, 274, 276, 273, 280, 274, 271, 273, 275, 271, 271, 258, 270, 276, 269, 280, 257, 274, 258, 273, 275, 276, 272, 273, 257, 280, 273
Number of unique chromosomes (out of 100 chromosomes in total): 43
**********************************************************************
Printing generation: 381
Best chromosome in current generation with value: 152, competence: 274.000:
2, 3, 1, 3, 1, 3, 3, 3, 2, 2, 3, 2, 1, 2, 1, 3, 1, 3, 1, 2, 2, 1, 3, 1, 2, 1, 2, 2, 1, 1, 1, 2, 3, 1, 3, 3, 3, 3, 1, 2
competence values:
274, 257, 269, 273, 273, 273, 257, 258, 269, 254, 258, 266, 269, 274, 257, 258, 274, 273, 273, 257, 257, 280, 257, 280, 273, 274, 273, 273, 273, 274, 258, 276, 276, 268, 257, 269, 274, 257, 269, 257, 273, 271, 277, 268, 246, 273, 273, 273, 271, 258, 273, 281, 277, 269, 280, 257, 269, 273, 258, 254, 273, 258, 257, 280, 268, 268, 273, 274, 257, 265, 273, 265, 260, 280, 273, 274, 267, 281, 275, 274, 257, 276, 273, 268, 257, 257, 268, 237, 258, 258, 269, 281, 273, 269, 268, 274, 271, 271, 273, 274
Number of unique chromosomes (out of 100 chromosomes in total): 45
**********************************************************************
Printing generation: 391
Best chromosome in current generation with value: 153, competence: 240.000:
2, 3, 1, 3, 1, 3, 3, 3, 2, 1, 3, 2, 1, 2, 1, 3, 1, 3, 1, 2, 2, 1, 3, 1, 2, 1, 2, 2, 1, 3, 1, 2, 2, 1, 3, 3, 3, 3, 3, 2
competence values:
240, 268, 273, 257, 259, 265, 281, 281, 276, 273, 257, 273, 257, 257, 274, 273, 273, 274, 274, 268, 268, 274, 280, 274, 273, 273, 281, 271, 257, 271, 272, 253, 281, 253, 265, 281, 274, 273, 273, 273, 265, 267, 281, 276, 276, 281, 276, 273, 276, 280, 273, 281, 257, 257, 281, 276, 274, 280, 273, 273, 256, 273, 270, 273, 280, 274, 273, 273, 278, 276, 257, 280, 273, 273, 280, 266, 271, 276, 268, 260, 252, 274, 273, 276, 273, 267, 278, 274, 277, 273, 274, 276, 276, 273, 276, 257, 259, 270, 266, 271
Number of unique chromosomes (out of 100 chromosomes in total): 40
**********************************************************************
Printing generation: 401
Best chromosome in current generation with value: 166, competence: 272.000:
2, 3, 1, 3, 1, 3, 3, 3, 2, 3, 3, 2, 1, 2, 1, 3, 1, 3, 1, 2, 2, 1, 3, 1, 2, 2, 2, 2, 1, 3, 3, 1, 1, 1, 3, 3, 3, 3, 3, 2
competence values:
272, 264, 273, 273, 276, 272, 280, 271, 281, 278, 267, 280, 268, 273, 270, 276, 264, 274, 280, 274, 265, 270, 274, 274, 248, 268, 267, 268, 274, 257, 274, 274, 274, 276, 273, 274, 265, 276, 273, 277, 273, 273, 264, 260, 274, 273, 265, 280, 257, 264, 273, 274, 270, 277, 265, 276, 274, 257, 273, 274, 268, 275, 264, 264, 278, 274, 278, 272, 261, 268, 274, 274, 248, 276, 274, 274, 257, 248, 264, 276, 281, 256, 277, 275, 264, 281, 273, 274, 268, 248, 268, 257, 273, 281, 270, 270, 278, 273, 280, 270
Number of unique chromosomes (out of 100 chromosomes in total): 32
**********************************************************************
Printing generation: 411
Best chromosome in current generation with value: 146, competence: 277.000:
2, 3, 1, 3, 1, 3, 3, 3, 2, 3, 3, 2, 1, 2, 1, 3, 1, 3, 1, 2, 2, 1, 3, 1, 2, 1, 2, 2, 1, 1, 1, 2, 2, 1, 3, 3, 3, 3, 1, 2
competence values:
277, 273, 273, 274, 261, 274, 274, 276, 274, 257, 258, 274, 273, 273, 273, 258, 272, 273, 273, 264, 264, 274, 274, 273, 257, 267, 276, 273, 274, 257, 265, 273, 273, 273, 273, 276, 264, 277, 274, 257, 273, 274, 272, 253, 273, 273, 276, 273, 273, 274, 276, 274, 277, 237, 276, 264, 264, 272, 273, 277, 273, 273, 273, 273, 274, 263, 274, 273, 273, 258, 281, 274, 264, 274, 261, 273, 273, 273, 273, 265, 274, 273, 281, 273, 276, 264, 273, 274, 273, 257, 276, 265, 274, 274, 265, 273, 274, 263, 277, 258
Number of unique chromosomes (out of 100 chromosomes in total): 16
**********************************************************************
Printing generation: 421
Best chromosome in current generation with value: 142, competence: 277.000:
2, 3, 1, 3, 1, 3, 3, 3, 2, 2, 3, 2, 1, 2, 1, 3, 1, 3, 1, 2, 2, 1, 3, 1, 2, 1, 2, 2, 1, 3, 1, 2, 2, 1, 3, 3, 3, 3, 3, 2
competence values:
277, 275, 273, 274, 273, 274, 272, 274, 270, 261, 274, 273, 273, 273, 274, 274, 261, 273, 274, 273, 273, 272, 273, 274, 275, 274, 264, 271, 274, 273, 261, 273, 258, 256, 276, 273, 273, 258, 273, 261, 274, 273, 264, 271, 277, 274, 265, 256, 274, 273, 270, 270, 274, 276, 264, 277, 261, 261, 277, 269, 274, 274, 271, 274, 276, 274, 274, 274, 273, 274, 280, 274, 277, 277, 276, 273, 273, 273, 273, 273, 267, 273, 270, 274, 274, 274, 274, 276, 265, 272, 274, 274, 273, 274, 274, 273, 264, 273, 261, 273
Number of unique chromosomes (out of 100 chromosomes in total): 29
**********************************************************************
Printing generation: 431
Best chromosome in current generation with value: 148, competence: 261.000:
2, 3, 1, 3, 1, 3, 3, 3, 2, 2, 3, 2, 3, 2, 1, 3, 2, 3, 1, 2, 2, 1, 3, 1, 2, 1, 2, 2, 1, 3, 1, 2, 2, 1, 3, 1, 3, 3, 1, 2
competence values:
261, 269, 274, 255, 263, 275, 275, 270, 274, 275, 265, 253, 269, 274, 274, 265, 269, 274, 264, 274, 274, 274, 271, 253, 281, 274, 274, 274, 266, 265, 265, 273, 280, 274, 274, 261, 274, 269, 281, 262, 280, 274, 274, 260, 271, 272, 274, 274, 273, 274, 274, 274, 274, 273, 274, 273, 280, 274, 274, 242, 271, 281, 277, 275, 262, 273, 281, 274, 273, 264, 274, 266, 271, 273, 274, 265, 271, 274, 273, 274, 266, 274, 245, 274, 271, 273, 274, 280, 276, 274, 264, 280, 271, 271, 270, 274, 276, 274, 271, 274
Number of unique chromosomes (out of 100 chromosomes in total): 34
**********************************************************************
Printing generation: 441
Best chromosome in current generation with value: 146, competence: 246.000:
2, 3, 1, 3, 1, 1, 3, 3, 2, 3, 3, 2, 1, 2, 1, 3, 2, 3, 1, 2, 2, 1, 3, 1, 2, 1, 2, 2, 1, 3, 1, 2, 2, 1, 3, 3, 3, 3, 1, 2
competence values:
246, 274, 272, 271, 266, 277, 264, 274, 280, 271, 267, 274, 264, 277, 258, 277, 266, 280, 274, 273, 274, 262, 271, 274, 255, 277, 281, 274, 266, 270, 255, 274, 261, 274, 253, 264, 271, 274, 269, 271, 274, 263, 277, 262, 276, 281, 271, 266, 280, 255, 264, 271, 255, 255, 266, 278, 255, 271, 266, 271, 271, 277, 267, 246, 274, 271, 273, 271, 274, 272, 247, 267, 278, 274, 263, 257, 273, 274, 261, 254, 274, 262, 262, 271, 281, 278, 253, 274, 269, 278, 255, 274, 277, 257, 271, 274, 272, 274, 274, 274
Number of unique chromosomes (out of 100 chromosomes in total): 43
**********************************************************************
Printing generation: 451
Best chromosome in current generation with value: 146, competence: 258.000:
2, 3, 1, 3, 1, 3, 3, 3, 2, 3, 3, 2, 1, 2, 1, 2, 1, 3, 1, 2, 2, 1, 3, 1, 2, 1, 2, 2, 1, 3, 1, 2, 2, 2, 3, 3, 3, 3, 1, 2
competence values:
258, 255, 273, 271, 274, 262, 257, 274, 278, 262, 262, 272, 241, 257, 242, 272, 263, 278, 262, 274, 280, 275, 273, 264, 257, 277, 256, 262, 255, 274, 255, 254, 257, 266, 274, 274, 277, 255, 280, 257, 241, 273, 281, 277, 262, 255, 280, 256, 263, 262, 281, 255, 277, 242, 273, 256, 272, 256, 254, 280, 277, 262, 254, 274, 255, 262, 256, 274, 268, 274, 264, 278, 277, 280, 271, 242, 257, 280, 272, 254, 273, 275, 262, 278, 274, 261, 272, 273, 280, 277, 251, 271, 225, 264, 281, 266, 272, 272, 270, 281
Number of unique chromosomes (out of 100 chromosomes in total): 51
**********************************************************************
Printing generation: 461
Best chromosome in current generation with value: 168, competence: 264.000:
2, 3, 1, 3, 1, 3, 3, 3, 2, 3, 3, 2, 1, 2, 1, 3, 1, 3, 3, 2, 2, 1, 3, 1, 2, 1, 2, 2, 1, 3, 1, 2, 2, 1, 3, 3, 3, 3, 1, 2
competence values:
264, 259, 272, 277, 276, 273, 277, 271, 273, 272, 251, 256, 254, 274, 272, 262, 272, 273, 268, 244, 271, 261, 270, 256, 260, 255, 271, 277, 263, 271, 238, 278, 253, 271, 268, 273, 261, 256, 263, 264, 275, 277, 269, 262, 277, 271, 261, 247, 273, 281, 263, 255, 261, 272, 272, 273, 244, 272, 272, 254, 271, 279, 263, 263, 274, 265, 271, 264, 278, 265, 263, 264, 270, 278, 273, 273, 278, 255, 276, 278, 257, 275, 273, 271, 280, 272, 272, 272, 277, 272, 255, 274, 274, 273, 271, 263, 264, 278, 273, 254
Number of unique chromosomes (out of 100 chromosomes in total): 60
**********************************************************************
Printing generation: 471
Best chromosome in current generation with value: 153, competence: 273.000:
2, 3, 1, 3, 1, 3, 3, 3, 2, 3, 3, 2, 1, 2, 1, 3, 1, 3, 1, 2, 2, 1, 3, 1, 2, 1, 2, 2, 1, 3, 1, 2, 2, 3, 3, 3, 3, 3, 3, 2
competence values:
273, 266, 274, 275, 255, 271, 272, 274, 272, 280, 280, 277, 270, 273, 270, 274, 268, 281, 281, 271, 273, 272, 271, 281, 275, 260, 274, 278, 269, 270, 272, 281, 273, 272, 272, 269, 274, 272, 272, 270, 268, 269, 271, 272, 272, 270, 275, 271, 280, 271, 260, 261, 278, 273, 270, 281, 272, 270, 281, 273, 274, 280, 270, 266, 272, 273, 266, 278, 272, 266, 272, 272, 274, 272, 280, 278, 266, 273, 260, 273, 272, 271, 280, 271, 271, 270, 271, 271, 270, 275, 275, 260, 277, 260, 272, 261, 272, 270, 281, 271
Number of unique chromosomes (out of 100 chromosomes in total): 49
**********************************************************************
Printing generation: 481
Best chromosome in current generation with value: 161, competence: 271.000:
2, 3, 1, 3, 1, 1, 3, 3, 2, 2, 3, 2, 1, 2, 1, 3, 1, 2, 1, 2, 2, 1, 3, 1, 2, 1, 2, 2, 1, 3, 1, 2, 2, 1, 3, 3, 3, 3, 1, 2
competence values:
271, 268, 274, 270, 272, 273, 274, 281, 278, 275, 276, 272, 272, 272, 272, 281, 265, 270, 275, 272, 273, 281, 273, 272, 276, 281, 276, 270, 270, 272, 277, 272, 270, 273, 273, 276, 278, 271, 272, 278, 272, 272, 275, 273, 279, 275, 275, 273, 278, 273, 271, 275, 269, 274, 273, 272, 265, 273, 271, 272, 266, 275, 273, 273, 275, 280, 276, 281, 273, 276, 270, 261, 272, 271, 271, 270, 272, 271, 276, 273, 274, 281, 272, 272, 275, 276, 275, 270, 272, 272, 267, 275, 273, 280, 271, 277, 272, 272, 268, 273
Number of unique chromosomes (out of 100 chromosomes in total): 55
**********************************************************************
Printing generation: 491
Best chromosome in current generation with value: 167, competence: 260.000:
2, 3, 1, 3, 1, 3, 3, 3, 2, 3, 3, 2, 1, 2, 1, 3, 1, 3, 1, 2, 2, 1, 3, 1, 2, 1, 1, 2, 1, 3, 1, 2, 3, 1, 3, 3, 3, 3, 3, 2
competence values:
260, 256, 260, 272, 274, 281, 269, 279, 271, 269, 265, 260, 272, 266, 269, 269, 272, 273, 273, 274, 258, 269, 273, 259, 273, 265, 252, 273, 273, 271, 281, 281, 261, 275, 273, 273, 271, 271, 269, 258, 249, 269, 281, 275, 269, 273, 261, 273, 281, 281, 275, 271, 274, 271, 273, 272, 263, 275, 272, 273, 275, 273, 281, 273, 274, 263, 273, 272, 271, 273, 281, 272, 256, 271, 273, 278, 271, 281, 273, 273, 273, 265, 271, 261, 272, 271, 273, 273, 279, 273, 267, 271, 273, 271, 274, 267, 274, 269, 272, 273
Number of unique chromosomes (out of 100 chromosomes in total): 42
**********************************************************************
Printing generation: 501
Best chromosome in current generation with value: 154, competence: 281.000:
2, 3, 1, 3, 1, 3, 3, 3, 2, 2, 3, 2, 1, 2, 1, 3, 1, 3, 1, 2, 2, 1, 3, 1, 2, 1, 2, 2, 1, 3, 1, 2, 2, 1, 2, 3, 3, 3, 3, 2
competence values:
281, 265, 272, 261, 261, 272, 274, 272, 273, 281, 281, 281, 275, 261, 272, 273, 275, 281, 261, 281, 266, 281, 274, 270, 272, 280, 281, 271, 274, 274, 274, 271, 279, 273, 281, 275, 274, 273, 271, 280, 274, 274, 281, 274, 281, 274, 273, 272, 274, 274, 269, 272, 269, 252, 272, 272, 272, 276, 280, 281, 274, 273, 280, 272, 274, 281, 274, 276, 269, 267, 281, 273, 265, 269, 281, 280, 265, 274, 274, 281, 281, 274, 271, 272, 273, 280, 274, 273, 281, 261, 281, 275, 270, 272, 272, 274, 258, 269, 261, 279
Number of unique chromosomes (out of 100 chromosomes in total): 48
**********************************************************************
Printing generation: 511
Best chromosome in current generation with value: 148, competence: 249.000:
2, 3, 1, 3, 1, 3, 3, 3, 2, 2, 3, 2, 1, 2, 1, 3, 2, 3, 1, 2, 2, 1, 3, 1, 2, 1, 2, 2, 1, 3, 1, 2, 2, 1, 3, 3, 3, 3, 3, 2
competence values:
249, 277, 274, 273, 274, 274, 263, 267, 274, 280, 280, 273, 263, 265, 280, 275, 280, 274, 273, 261, 272, 281, 274, 259, 272, 257, 263, 271, 263, 274, 273, 274, 266, 273, 263, 266, 281, 273, 273, 268, 272, 272, 259, 259, 280, 274, 274, 242, 266, 272, 272, 273, 255, 273, 248, 261, 281, 274, 253, 274, 274, 270, 273, 272, 270, 273, 272, 261, 280, 265, 281, 273, 257, 281, 248, 272, 272, 265, 274, 264, 273, 274, 275, 263, 263, 273, 273, 280, 273, 254, 265, 264, 257, 273, 274, 281, 266, 274, 274, 274
Number of unique chromosomes (out of 100 chromosomes in total): 44
**********************************************************************
Printing generation: 521
Best chromosome in current generation with value: 154, competence: 274.000:
2, 3, 1, 3, 2, 3, 3, 3, 2, 2, 3, 2, 1, 2, 1, 3, 1, 3, 1, 2, 2, 1, 3, 1, 2, 1, 1, 2, 1, 3, 1, 2, 2, 2, 3, 3, 3, 3, 3, 2
competence values:
274, 270, 257, 272, 263, 277, 272, 254, 272, 261, 274, 261, 263, 272, 254, 275, 275, 273, 274, 281, 280, 248, 270, 261, 272, 275, 261, 269, 274, 273, 270, 274, 269, 263, 261, 272, 275, 275, 280, 275, 263, 281, 279, 273, 274, 257, 264, 261, 275, 281, 275, 272, 275, 274, 272, 275, 263, 263, 275, 257, 275, 274, 261, 264, 275, 275, 275, 272, 275, 273, 270, 263, 270, 273, 273, 281, 275, 281, 278, 272, 269, 274, 265, 275, 273, 275, 272, 269, 272, 269, 269, 274, 274, 269, 248, 272, 263, 261, 261, 274
Number of unique chromosomes (out of 100 chromosomes in total): 46
**********************************************************************
Printing generation: 531
Best chromosome in current generation with value: 163, competence: 270.000:
2, 3, 1, 3, 1, 3, 2, 3, 2, 2, 3, 2, 1, 1, 1, 3, 1, 1, 1, 2, 2, 1, 3, 1, 2, 1, 2, 2, 1, 3, 1, 2, 2, 1, 3, 3, 3, 3, 3, 2
competence values:
270, 266, 270, 262, 272, 281, 274, 275, 273, 274, 271, 262, 281, 274, 273, 273, 271, 276, 273, 276, 273, 270, 273, 273, 257, 272, 266, 279, 261, 280, 261, 266, 275, 281, 280, 266, 274, 260, 280, 261, 264, 264, 281, 273, 275, 274, 273, 266, 270, 270, 266, 265, 274, 281, 265, 275, 274, 261, 257, 280, 275, 281, 263, 275, 273, 255, 273, 256, 257, 274, 273, 275, 275, 247, 277, 270, 274, 276, 255, 271, 273, 270, 274, 274, 277, 265, 273, 261, 275, 272, 266, 280, 260, 276, 266, 273, 275, 275, 264, 277
Number of unique chromosomes (out of 100 chromosomes in total): 54
**********************************************************************
Printing generation: 541
Best chromosome in current generation with value: 147, competence: 264.000:
2, 3, 1, 1, 1, 3, 3, 3, 2, 2, 3, 2, 1, 2, 1, 3, 2, 3, 1, 2, 2, 1, 3, 1, 2, 1, 1, 2, 1, 3, 1, 2, 2, 1, 3, 3, 3, 3, 3, 2
competence values:
264, 274, 276, 268, 265, 273, 266, 277, 275, 275, 272, 272, 280, 247, 270, 273, 273, 281, 270, 280, 264, 273, 280, 277, 274, 263, 274, 258, 280, 265, 274, 271, 272, 264, 238, 278, 271, 273, 269, 280, 275, 281, 278, 258, 274, 263, 275, 277, 272, 255, 277, 274, 274, 255, 271, 281, 275, 238, 273, 264, 238, 280, 277, 264, 274, 271, 272, 277, 266, 277, 281, 275, 276, 272, 264, 272, 255, 278, 281, 265, 275, 261, 277, 280, 281, 275, 271, 270, 278, 272, 253, 281, 280, 274, 263, 276, 278, 268, 271, 271
Number of unique chromosomes (out of 100 chromosomes in total): 66
**********************************************************************
Printing generation: 551
Best chromosome in current generation with value: 155, competence: 267.000:
2, 3, 1, 3, 1, 1, 3, 3, 2, 2, 3, 2, 1, 2, 1, 3, 1, 3, 1, 2, 2, 1, 3, 1, 2, 1, 1, 2, 1, 3, 1, 2, 2, 2, 3, 3, 3, 3, 3, 2
competence values:
267, 249, 271, 268, 270, 277, 273, 258, 273, 258, 277, 271, 265, 274, 253, 264, 268, 278, 271, 268, 258, 264, 268, 265, 248, 274, 268, 253, 273, 272, 265, 272, 281, 280, 258, 258, 277, 268, 268, 278, 272, 271, 261, 258, 273, 265, 257, 271, 281, 279, 258, 273, 272, 273, 238, 265, 255, 273, 253, 244, 261, 280, 270, 273, 255, 273, 268, 268, 281, 269, 272, 273, 267, 267, 273, 274, 260, 268, 264, 273, 261, 278, 261, 273, 264, 273, 273, 264, 269, 265, 265, 260, 271, 268, 263, 267, 268, 277, 270, 273
Number of unique chromosomes (out of 100 chromosomes in total): 61
**********************************************************************
Printing generation: 561
Best chromosome in current generation with value: 160, competence: 276.000:
2, 3, 1, 3, 1, 3, 3, 3, 2, 2, 3, 2, 1, 2, 1, 3, 1, 3, 1, 2, 2, 1, 3, 1, 2, 1, 1, 2, 1, 3, 1, 2, 2, 1, 3, 1, 3, 3, 3, 2
competence values:
276, 257, 272, 280, 278, 265, 271, 273, 272, 274, 281, 274, 263, 279, 265, 277, 244, 278, 266, 275, 252, 277, 265, 274, 272, 257, 267, 272, 274, 281, 270, 278, 271, 273, 272, 263, 265, 280, 275, 275, 280, 272, 257, 269, 243, 274, 274, 274, 265, 272, 273, 275, 280, 277, 274, 275, 272, 274, 268, 266, 264, 277, 280, 258, 262, 275, 257, 262, 277, 262, 277, 275, 249, 255, 274, 272, 250, 239, 269, 273, 278, 262, 281, 272, 272, 262, 272, 272, 272, 272, 272, 277, 259, 274, 263, 269, 280, 272, 270, 277
Number of unique chromosomes (out of 100 chromosomes in total): 59
**********************************************************************
Printing generation: 571
Best chromosome in current generation with value: 150, competence: 263.000:
2, 3, 1, 3, 1, 3, 3, 3, 2, 2, 3, 2, 1, 2, 1, 3, 2, 3, 1, 2, 2, 1, 3, 1, 2, 1, 1, 2, 1, 3, 1, 2, 2, 2, 3, 3, 3, 3, 3, 1
competence values:
263, 268, 265, 274, 279, 265, 274, 264, 281, 274, 273, 272, 277, 276, 274, 274, 273, 264, 268, 271, 281, 268, 274, 274, 281, 274, 274, 268, 265, 268, 274, 274, 274, 281, 270, 274, 278, 264, 272, 268, 265, 272, 274, 274, 271, 274, 273, 255, 247, 274, 264, 274, 277, 274, 272, 272, 277, 273, 274, 271, 265, 262, 281, 274, 274, 272, 265, 277, 274, 277, 274, 264, 277, 274, 274, 274, 272, 272, 274, 277, 281, 273, 278, 274, 280, 269, 272, 280, 265, 262, 272, 274, 278, 271, 277, 272, 274, 274, 269, 272
Number of unique chromosomes (out of 100 chromosomes in total): 39
**********************************************************************
Printing generation: 581
Best chromosome in current generation with value: 149, competence: 272.000:
2, 3, 1, 3, 1, 3, 3, 1, 2, 2, 3, 2, 1, 2, 1, 3, 2, 3, 1, 2, 2, 1, 3, 1, 2, 1, 1, 2, 1, 3, 1, 2, 2, 2, 3, 3, 3, 3, 3, 2
competence values:
272, 266, 274, 280, 280, 279, 274, 280, 271, 265, 277, 277, 262, 277, 274, 276, 272, 281, 274, 280, 280, 280, 274, 265, 280, 274, 274, 265, 262, 277, 280, 265, 262, 274, 274, 265, 272, 274, 279, 276, 274, 262, 272, 280, 262, 274, 277, 274, 277, 275, 274, 268, 272, 275, 280, 265, 280, 280, 274, 265, 262, 277, 277, 275, 274, 280, 262, 280, 274, 279, 280, 274, 263, 279, 274, 274, 280, 277, 275, 274, 281, 272, 265, 274, 274, 274, 279, 266, 274, 280, 271, 268, 268, 271, 280, 274, 278, 274, 268, 280
Number of unique chromosomes (out of 100 chromosomes in total): 24
**********************************************************************
Printing generation: 591
Best chromosome in current generation with value: 162, competence: 271.000:
2, 3, 1, 3, 1, 3, 3, 3, 2, 2, 1, 2, 1, 2, 1, 3, 1, 3, 1, 2, 2, 1, 3, 1, 2, 1, 1, 2, 1, 3, 1, 2, 2, 2, 3, 3, 3, 3, 3, 2
competence values:
271, 274, 280, 275, 275, 274, 274, 275, 277, 277, 274, 274, 274, 274, 280, 274, 277, 274, 269, 265, 274, 274, 280, 274, 254, 267, 279, 274, 274, 254, 262, 274, 271, 281, 274, 271, 275, 267, 274, 274, 265, 274, 280, 251, 280, 274, 280, 265, 280, 274, 279, 262, 280, 265, 280, 280, 274, 271, 262, 280, 271, 265, 274, 274, 274, 274, 280, 262, 265, 280, 280, 280, 274, 277, 280, 277, 268, 277, 274, 279, 277, 262, 279, 280, 274, 277, 274, 277, 271, 280, 272, 278, 274, 279, 274, 274, 275, 274, 274, 274
Number of unique chromosomes (out of 100 chromosomes in total): 27
**********************************************************************
Printing generation: 601
Best chromosome in current generation with value: 149, competence: 279.000:
2, 3, 1, 3, 1, 3, 3, 3, 2, 2, 3, 2, 1, 2, 1, 3, 1, 3, 1, 2, 2, 1, 3, 1, 2, 1, 1, 2, 1, 3, 1, 2, 2, 1, 3, 3, 3, 3, 3, 2
competence values:
279, 277, 280, 280, 279, 279, 268, 279, 280, 268, 280, 263, 277, 274, 279, 277, 280, 274, 280, 262, 262, 280, 280, 277, 279, 279, 277, 279, 277, 262, 279, 268, 262, 274, 277, 268, 274, 279, 277, 277, 279, 277, 271, 275, 279, 274, 279, 280, 274, 276, 274, 271, 277, 280, 274, 277, 262, 274, 277, 265, 277, 280, 274, 280, 274, 274, 274, 277, 280, 280, 280, 277, 280, 268, 279, 279, 269, 262, 279, 274, 274, 262, 274, 262, 280, 277, 277, 277, 280, 274, 280, 269, 280, 279, 274, 275, 277, 279, 268, 262
Number of unique chromosomes (out of 100 chromosomes in total): 21
**********************************************************************
Printing generation: 611
Best chromosome in current generation with value: 154, competence: 272.000:
2, 3, 1, 3, 1, 3, 3, 3, 2, 2, 3, 2, 1, 2, 1, 3, 2, 3, 1, 2, 2, 1, 3, 1, 2, 2, 1, 2, 1, 3, 1, 2, 2, 1, 3, 3, 3, 3, 3, 2
competence values:
272, 262, 280, 280, 271, 280, 277, 274, 274, 271, 279, 277, 274, 271, 277, 280, 280, 277, 279, 279, 280, 271, 279, 275, 271, 274, 269, 274, 277, 277, 274, 277, 277, 279, 274, 279, 274, 279, 274, 274, 277, 271, 271, 274, 277, 280, 279, 275, 277, 279, 272, 280, 274, 269, 274, 279, 280, 274, 280, 280, 279, 277, 279, 277, 277, 275, 280, 274, 277, 280, 277, 280, 277, 274, 280, 279, 277, 269, 280, 279, 277, 280, 274, 271, 280, 280, 274, 280, 274, 274, 268, 271, 280, 274, 280, 280, 280, 279, 268, 280
Number of unique chromosomes (out of 100 chromosomes in total): 16
**********************************************************************
Printing generation: 621
Best chromosome in current generation with value: 166, competence: 254.000:
2, 3, 1, 3, 1, 3, 3, 3, 2, 2, 3, 2, 1, 2, 1, 3, 1, 3, 1, 2, 2, 1, 3, 1, 2, 1, 1, 2, 1, 3, 1, 2, 2, 2, 3, 3, 3, 1, 3, 2
competence values:
254, 263, 268, 266, 280, 279, 280, 274, 279, 279, 274, 280, 277, 274, 280, 280, 279, 263, 274, 256, 280, 280, 280, 259, 262, 279, 280, 277, 280, 280, 276, 263, 274, 279, 263, 268, 280, 274, 266, 274, 277, 266, 274, 272, 274, 277, 280, 274, 280, 266, 266, 279, 277, 280, 278, 277, 274, 266, 274, 273, 274, 279, 279, 274, 266, 266, 277, 280, 274, 266, 280, 280, 266, 280, 280, 277, 279, 274, 275, 266, 280, 280, 280, 279, 274, 266, 279, 277, 280, 279, 279, 280, 266, 258, 280, 277, 266, 266, 280, 274
Number of unique chromosomes (out of 100 chromosomes in total): 27
**********************************************************************
Printing generation: 631
Best chromosome in current generation with value: 145, competence: 270.000:
2, 3, 1, 2, 1, 3, 3, 3, 2, 2, 3, 2, 1, 2, 1, 3, 2, 3, 1, 2, 2, 1, 3, 1, 2, 1, 1, 2, 1, 3, 1, 2, 2, 1, 3, 3, 3, 3, 3, 2
competence values:
270, 267, 275, 277, 279, 270, 274, 280, 279, 274, 274, 276, 277, 280, 279, 277, 263, 272, 266, 279, 274, 266, 274, 279, 263, 277, 277, 277, 274, 280, 277, 268, 263, 274, 270, 274, 274, 277, 277, 263, 266, 266, 274, 273, 275, 274, 263, 266, 279, 277, 274, 266, 271, 274, 276, 263, 279, 268, 273, 274, 266, 274, 271, 274, 280, 279, 271, 254, 277, 263, 279, 279, 280, 263, 266, 279, 274, 266, 279, 279, 280, 279, 280, 279, 279, 266, 279, 274, 267, 271, 266, 277, 274, 279, 280, 280, 266, 266, 266, 274
Number of unique chromosomes (out of 100 chromosomes in total): 33
**********************************************************************
Printing generation: 641
Best chromosome in current generation with value: 144, competence: 266.000:
2, 3, 1, 3, 1, 3, 3, 3, 2, 2, 3, 2, 1, 2, 1, 3, 2, 3, 1, 2, 2, 1, 3, 1, 2, 1, 1, 2, 1, 3, 1, 2, 2, 2, 3, 3, 3, 3, 3, 2
competence values:
266, 270, 268, 276, 276, 277, 279, 279, 263, 279, 259, 280, 279, 263, 278, 274, 279, 263, 279, 279, 279, 279, 263, 268, 271, 279, 273, 274, 263, 279, 267, 279, 266, 263, 279, 263, 280, 279, 274, 268, 279, 276, 263, 279, 273, 279, 278, 279, 279, 277, 279, 277, 266, 274, 266, 277, 274, 276, 263, 277, 279, 277, 279, 266, 279, 279, 279, 279, 276, 263, 280, 267, 274, 280, 266, 259, 254, 274, 278, 280, 280, 274, 263, 263, 259, 280, 274, 263, 266, 279, 277, 266, 263, 270, 279, 279, 273, 279, 279, 263
Number of unique chromosomes (out of 100 chromosomes in total): 27
**********************************************************************
Printing generation: 651
Best chromosome in current generation with value: 156, competence: 271.000:
2, 3, 1, 3, 1, 3, 3, 3, 2, 2, 3, 2, 1, 2, 1, 3, 2, 3, 1, 2, 2, 1, 3, 1, 2, 1, 1, 2, 1, 3, 1, 2, 3, 2, 3, 3, 3, 3, 3, 2
competence values:
271, 280, 263, 263, 278, 279, 278, 280, 266, 275, 279, 279, 263, 264, 266, 279, 273, 277, 263, 263, 279, 279, 275, 278, 280, 274, 259, 263, 266, 259, 279, 261, 273, 275, 254, 263, 263, 279, 279, 278, 263, 273, 266, 278, 277, 263, 276, 280, 278, 277, 279, 263, 263, 273, 263, 279, 263, 279, 280, 263, 263, 259, 278, 277, 280, 266, 280, 280, 263, 266, 263, 273, 263, 266, 280, 262, 279, 280, 263, 279, 279, 259, 263, 273, 262, 273, 254, 263, 279, 266, 263, 266, 280, 277, 280, 263, 279, 277, 266, 266
Number of unique chromosomes (out of 100 chromosomes in total): 27
**********************************************************************
Printing generation: 661
Best chromosome in current generation with value: 148, competence: 280.000:
2, 3, 1, 2, 1, 3, 3, 3, 2, 2, 3, 2, 1, 2, 1, 3, 2, 3, 1, 2, 2, 1, 3, 1, 2, 1, 1, 2, 1, 3, 1, 2, 2, 2, 3, 3, 3, 3, 3, 2
competence values:
280, 260, 275, 275, 279, 254, 279, 279, 278, 278, 275, 263, 279, 277, 279, 280, 266, 266, 263, 254, 279, 279, 277, 263, 275, 260, 266, 280, 279, 279, 277, 263, 277, 275, 273, 280, 279, 279, 279, 275, 280, 280, 266, 275, 266, 266, 270, 263, 260, 279, 260, 257, 263, 267, 280, 279, 280, 266, 280, 279, 279, 262, 274, 279, 279, 279, 279, 279, 280, 266, 280, 279, 279, 263, 279, 279, 266, 263, 279, 266, 275, 279, 279, 280, 278, 279, 266, 266, 279, 280, 262, 277, 263, 279, 266, 280, 279, 275, 279, 279
Number of unique chromosomes (out of 100 chromosomes in total): 23
**********************************************************************
Printing generation: 671
Best chromosome in current generation with value: 179, competence: 277.000:
2, 3, 1, 2, 1, 3, 3, 3, 2, 2, 3, 2, 1, 2, 1, 3, 2, 2, 1, 2, 2, 1, 3, 1, 2, 1, 1, 2, 2, 3, 1, 2, 2, 2, 3, 3, 3, 3, 3, 2
competence values:
277, 281, 275, 278, 278, 275, 279, 275, 280, 279, 280, 280, 277, 261, 278, 279, 279, 279, 263, 272, 279, 279, 260, 272, 263, 260, 280, 279, 280, 260, 260, 279, 261, 279, 279, 264, 279, 272, 267, 263, 278, 280, 279, 263, 279, 276, 279, 280, 263, 280, 279, 280, 279, 278, 279, 279, 278, 280, 279, 253, 278, 276, 279, 280, 261, 260, 276, 280, 279, 257, 279, 280, 256, 279, 275, 263, 279, 280, 276, 279, 272, 260, 279, 280, 275, 280, 280, 279, 275, 261, 278, 279, 279, 279, 279, 275, 260, 279, 260, 276
Number of unique chromosomes (out of 100 chromosomes in total): 24
**********************************************************************
Printing generation: 681
Best chromosome in current generation with value: 149, competence: 277.000:
2, 3, 1, 3, 1, 3, 3, 3, 2, 2, 3, 2, 1, 2, 1, 3, 2, 3, 1, 3, 2, 1, 3, 1, 2, 1, 1, 2, 1, 3, 1, 2, 2, 2, 3, 3, 3, 3, 3, 2
competence values:
277, 272, 279, 279, 278, 279, 279, 277, 277, 278, 275, 278, 280, 279, 280, 279, 274, 279, 280, 277, 280, 274, 280, 277, 280, 274, 280, 275, 279, 280, 280, 277, 279, 274, 280, 274, 275, 279, 279, 277, 280, 280, 280, 281, 279, 281, 280, 275, 277, 279, 275, 279, 281, 277, 280, 274, 280, 274, 278, 268, 279, 279, 277, 280, 279, 279, 272, 278, 268, 279, 272, 279, 278, 279, 279, 279, 277, 279, 277, 278, 280, 277, 279, 277, 277, 275, 272, 280, 280, 277, 280, 274, 277, 277, 280, 280, 278, 280, 279, 279
Number of unique chromosomes (out of 100 chromosomes in total): 27
**********************************************************************
Printing generation: 691
Best chromosome in current generation with value: 151, competence: 270.000:
2, 3, 1, 3, 1, 3, 3, 3, 2, 2, 3, 2, 1, 2, 1, 3, 2, 3, 1, 2, 2, 1, 3, 1, 2, 1, 2, 2, 1, 3, 1, 2, 2, 2, 3, 3, 3, 3, 3, 2
competence values:
270, 279, 266, 280, 279, 277, 274, 279, 261, 264, 279, 279, 279, 281, 277, 279, 266, 279, 279, 280, 280, 280, 280, 279, 275, 264, 274, 279, 277, 279, 281, 279, 279, 280, 279, 280, 279, 277, 277, 279, 277, 279, 281, 279, 279, 279, 279, 277, 280, 280, 277, 277, 277, 274, 277, 280, 274, 279, 280, 280, 279, 265, 279, 279, 277, 266, 275, 279, 277, 279, 275, 266, 279, 279, 277, 279, 275, 277, 278, 280, 279, 277, 280, 277, 277, 279, 279, 279, 279, 279, 277, 280, 277, 277, 280, 279, 277, 279, 280, 279
Number of unique chromosomes (out of 100 chromosomes in total): 30
**********************************************************************
Printing generation: 701
Best chromosome in current generation with value: 158, competence: 267.000:
2, 3, 1, 3, 1, 3, 3, 3, 2, 2, 3, 2, 1, 2, 1, 3, 2, 3, 3, 2, 2, 1, 3, 1, 2, 1, 1, 2, 1, 3, 1, 2, 2, 2, 3, 3, 3, 3, 3, 2
competence values:
267, 279, 275, 281, 277, 265, 279, 280, 277, 279, 280, 279, 281, 279, 277, 279, 271, 278, 276, 277, 268, 280, 278, 277, 280, 280, 280, 281, 279, 278, 281, 279, 277, 279, 277, 279, 274, 279, 279, 277, 279, 280, 279, 280, 278, 271, 277, 277, 279, 279, 280, 281, 281, 278, 279, 280, 279, 280, 279, 279, 279, 279, 277, 279, 281, 278, 280, 278, 279, 277, 275, 278, 279, 280, 280, 280, 279, 280, 279, 279, 265, 280, 279, 280, 275, 277, 279, 280, 279, 277, 281, 277, 276, 276, 280, 275, 278, 280, 279, 279
Number of unique chromosomes (out of 100 chromosomes in total): 21
**********************************************************************
Printing generation: 711
Best chromosome in current generation with value: 163, competence: 267.000:
2, 3, 1, 2, 1, 3, 3, 3, 2, 2, 3, 2, 2, 1, 1, 3, 2, 3, 1, 2, 2, 1, 3, 1, 2, 1, 1, 2, 1, 3, 1, 2, 2, 1, 3, 3, 3, 3, 3, 2
competence values:
267, 271, 275, 275, 279, 279, 266, 267, 267, 280, 280, 279, 279, 281, 277, 279, 280, 275, 277, 281, 277, 279, 270, 279, 277, 278, 266, 267, 280, 275, 281, 281, 281, 279, 257, 280, 280, 278, 267, 277, 275, 268, 278, 272, 280, 272, 280, 270, 276, 279, 270, 277, 279, 267, 275, 270, 281, 280, 280, 267, 280, 275, 279, 281, 279, 273, 270, 279, 280, 271, 278, 278, 280, 279, 281, 278, 280, 264, 279, 279, 279, 279, 268, 269, 281, 267, 267, 280, 271, 279, 277, 279, 279, 279, 279, 281, 280, 279, 275, 267
Number of unique chromosomes (out of 100 chromosomes in total): 27
**********************************************************************
Printing generation: 721
Best chromosome in current generation with value: 150, competence: 263.000:
2, 2, 1, 3, 1, 3, 3, 3, 2, 2, 3, 2, 1, 2, 1, 3, 2, 3, 1, 2, 2, 1, 3, 1, 2, 1, 1, 2, 1, 3, 1, 2, 2, 1, 3, 3, 3, 3, 3, 2
competence values:
263, 262, 271, 275, 280, 267, 273, 268, 281, 267, 267, 269, 273, 275, 266, 273, 280, 263, 259, 275, 278, 275, 279, 267, 271, 281, 280, 265, 269, 276, 269, 279, 281, 278, 280, 280, 267, 277, 279, 278, 269, 267, 280, 277, 265, 271, 263, 279, 278, 279, 278, 278, 264, 271, 279, 279, 280, 279, 267, 280, 270, 267, 279, 278, 271, 280, 278, 279, 280, 267, 270, 270, 278, 260, 274, 278, 280, 280, 275, 262, 281, 270, 279, 275, 279, 268, 275, 269, 261, 269, 280, 279, 267, 278, 279, 267, 280, 275, 259, 275
Number of unique chromosomes (out of 100 chromosomes in total): 39
**********************************************************************
Printing generation: 731
Best chromosome in current generation with value: 148, competence: 268.000:
2, 3, 1, 2, 1, 3, 3, 3, 2, 2, 3, 2, 1, 1, 1, 3, 2, 3, 1, 2, 2, 1, 3, 1, 2, 3, 1, 2, 1, 3, 1, 2, 2, 2, 3, 3, 3, 3, 3, 2
competence values:
268, 273, 277, 273, 279, 279, 281, 279, 281, 277, 280, 280, 264, 280, 279, 279, 270, 260, 278, 279, 259, 280, 271, 278, 268, 281, 270, 273, 261, 281, 279, 279, 268, 270, 270, 281, 280, 268, 278, 279, 277, 272, 279, 271, 270, 270, 275, 278, 281, 277, 270, 279, 270, 279, 279, 261, 277, 278, 269, 279, 281, 262, 281, 281, 266, 264, 278, 277, 281, 277, 277, 280, 281, 281, 275, 281, 279, 279, 278, 281, 275, 277, 277, 279, 261, 281, 281, 272, 272, 279, 273, 277, 278, 270, 271, 281, 278, 279, 281, 279
Number of unique chromosomes (out of 100 chromosomes in total): 32
**********************************************************************
Printing generation: 741
Best chromosome in current generation with value: 179, competence: 270.000:
2, 3, 1, 3, 1, 3, 3, 3, 2, 2, 3, 2, 1, 2, 1, 3, 2, 1, 1, 2, 2, 1, 3, 1, 2, 1, 1, 2, 1, 3, 1, 2, 2, 2, 3, 3, 3, 1, 3, 2
competence values:
270, 279, 275, 280, 263, 266, 280, 251, 280, 270, 268, 277, 278, 268, 263, 266, 281, 273, 273, 260, 281, 280, 280, 278, 278, 281, 278, 279, 263, 270, 279, 263, 260, 259, 280, 264, 278, 280, 279, 278, 279, 268, 278, 281, 279, 278, 281, 278, 279, 272, 270, 278, 271, 263, 271, 280, 268, 279, 280, 278, 281, 278, 271, 262, 259, 279, 262, 278, 278, 270, 280, 274, 259, 280, 279, 281, 278, 273, 281, 280, 244, 278, 272, 279, 279, 263, 281, 280, 278, 278, 280, 279, 280, 268, 281, 281, 279, 271, 279, 266
Number of unique chromosomes (out of 100 chromosomes in total): 33
**********************************************************************
Printing generation: 751
Best chromosome in current generation with value: 153, competence: 279.000:
2, 3, 1, 3, 1, 3, 3, 3, 2, 2, 3, 2, 1, 3, 1, 3, 2, 3, 1, 2, 2, 1, 3, 1, 2, 1, 1, 2, 1, 3, 1, 2, 2, 1, 3, 3, 3, 3, 3, 1
competence values:
279, 263, 280, 261, 261, 281, 269, 270, 270, 251, 258, 277, 266, 270, 259, 278, 259, 278, 259, 279, 251, 278, 280, 278, 278, 278, 268, 249, 275, 251, 273, 281, 259, 278, 274, 259, 280, 278, 280, 278, 277, 280, 264, 275, 249, 268, 261, 280, 280, 280, 259, 273, 277, 278, 268, 268, 280, 278, 270, 281, 280, 280, 268, 276, 277, 278, 275, 261, 275, 278, 274, 279, 268, 278, 277, 266, 280, 251, 275, 277, 261, 268, 268, 275, 232, 278, 275, 280, 253, 249, 271, 280, 259, 278, 268, 280, 280, 278, 275, 261
Number of unique chromosomes (out of 100 chromosomes in total): 47
**********************************************************************
Printing generation: 761
Best chromosome in current generation with value: 191, competence: 272.000:
2, 3, 1, 3, 1, 3, 3, 3, 2, 2, 3, 2, 1, 1, 1, 3, 2, 1, 1, 2, 2, 1, 3, 1, 2, 1, 1, 2, 1, 3, 1, 2, 1, 1, 3, 3, 3, 3, 3, 1
competence values:
272, 256, 270, 268, 278, 277, 275, 270, 280, 261, 279, 277, 280, 278, 270, 278, 275, 280, 272, 278, 251, 268, 281, 278, 278, 268, 280, 278, 277, 277, 271, 258, 251, 270, 280, 275, 278, 278, 268, 277, 278, 275, 275, 253, 272, 265, 251, 259, 278, 278, 278, 268, 275, 280, 261, 278, 268, 261, 254, 277, 251, 277, 261, 268, 277, 268, 270, 274, 261, 249, 251, 277, 278, 256, 268, 266, 280, 280, 270, 251, 275, 278, 270, 275, 270, 275, 280, 278, 259, 278, 280, 278, 268, 277, 270, 275, 278, 281, 277, 249
Number of unique chromosomes (out of 100 chromosomes in total): 47
**********************************************************************
Printing generation: 771
Best chromosome in current generation with value: 147, competence: 278.000:
2, 3, 1, 1, 1, 3, 3, 3, 2, 2, 3, 2, 1, 2, 1, 3, 2, 3, 1, 2, 2, 1, 3, 1, 2, 1, 1, 2, 1, 3, 1, 2, 2, 1, 3, 3, 3, 3, 3, 2
competence values:
278, 281, 280, 277, 278, 270, 277, 278, 280, 276, 278, 278, 280, 277, 277, 268, 280, 277, 275, 277, 277, 278, 268, 280, 268, 268, 277, 278, 277, 277, 273, 280, 276, 280, 278, 274, 280, 253, 271, 278, 275, 271, 275, 280, 278, 274, 270, 275, 280, 275, 278, 271, 257, 278, 280, 257, 275, 277, 280, 280, 278, 275, 280, 268, 268, 280, 280, 271, 279, 273, 277, 275, 280, 271, 270, 278, 278, 280, 275, 270, 281, 280, 278, 271, 270, 281, 280, 281, 277, 277, 277, 277, 277, 278, 278, 280, 273, 277, 277, 278
Number of unique chromosomes (out of 100 chromosomes in total): 40
**********************************************************************
Printing generation: 781
Best chromosome in current generation with value: 145, competence: 270.000:
2, 3, 1, 2, 1, 3, 3, 3, 2, 2, 3, 2, 1, 1, 1, 3, 2, 3, 1, 2, 2, 1, 3, 1, 2, 1, 1, 2, 1, 3, 1, 2, 2, 1, 3, 3, 3, 3, 3, 2
competence values:
270, 274, 281, 278, 275, 281, 278, 268, 277, 275, 268, 270, 271, 278, 273, 272, 275, 268, 274, 278, 280, 268, 268, 278, 278, 271, 278, 278, 278, 278, 277, 268, 277, 280, 278, 278, 278, 268, 265, 268, 280, 278, 277, 277, 275, 275, 277, 268, 278, 278, 281, 267, 270, 277, 275, 277, 270, 271, 280, 268, 278, 271, 277, 277, 268, 280, 270, 274, 274, 278, 271, 278, 281, 278, 281, 277, 278, 275, 280, 265, 268, 278, 278, 271, 278, 278, 278, 267, 280, 275, 267, 280, 268, 271, 268, 268, 267, 271, 278, 267
Number of unique chromosomes (out of 100 chromosomes in total): 34
**********************************************************************
Printing generation: 791
Best chromosome in current generation with value: 145, competence: 271.000:
2, 3, 1, 3, 1, 3, 3, 3, 2, 2, 3, 2, 1, 1, 1, 3, 2, 3, 1, 2, 2, 1, 3, 1, 2, 1, 1, 2, 1, 3, 1, 2, 2, 1, 3, 3, 3, 3, 3, 2
competence values:
271, 278, 274, 278, 281, 271, 271, 268, 278, 278, 268, 281, 281, 278, 277, 268, 278, 277, 278, 265, 278, 281, 278, 281, 280, 281, 270, 278, 278, 278, 278, 278, 278, 281, 278, 265, 278, 278, 265, 278, 271, 278, 274, 278, 265, 278, 265, 268, 270, 278, 280, 278, 278, 271, 278, 277, 277, 277, 278, 280, 265, 268, 278, 274, 280, 271, 277, 278, 278, 278, 278, 277, 278, 275, 274, 281, 275, 268, 277, 278, 281, 271, 278, 277, 278, 278, 277, 280, 271, 275, 281, 281, 280, 277, 281, 277, 281, 280, 281, 278
Number of unique chromosomes (out of 100 chromosomes in total): 25
**********************************************************************
Printing generation: 801
Best chromosome in current generation with value: 158, competence: 265.000:
2, 3, 1, 3, 1, 3, 3, 3, 2, 2, 3, 2, 2, 1, 1, 3, 2, 3, 1, 2, 3, 1, 3, 1, 2, 1, 3, 2, 1, 3, 1, 2, 2, 1, 3, 3, 3, 3, 3, 2
competence values:
265, 275, 268, 278, 277, 278, 268, 278, 268, 281, 278, 281, 278, 278, 278, 281, 277, 271, 278, 278, 278, 265, 278, 268, 278, 277, 268, 268, 278, 278, 278, 277, 277, 272, 269, 278, 272, 272, 278, 275, 281, 265, 278, 278, 276, 272, 278, 278, 281, 268, 278, 275, 281, 278, 272, 265, 278, 278, 281, 278, 281, 268, 268, 281, 277, 281, 268, 278, 268, 278, 278, 272, 264, 278, 278, 277, 278, 268, 278, 278, 277, 278, 277, 275, 278, 277, 278, 281, 278, 278, 277, 278, 265, 278, 278, 278, 281, 278, 281, 268
Number of unique chromosomes (out of 100 chromosomes in total): 23
**********************************************************************
Printing generation: 811
Best chromosome in current generation with value: 156, competence: 277.000:
3, 3, 1, 3, 1, 3, 3, 3, 2, 2, 3, 2, 1, 1, 1, 3, 2, 3, 1, 2, 3, 1, 3, 1, 2, 2, 1, 2, 1, 3, 1, 2, 2, 1, 2, 3, 3, 3, 3, 2
competence values:
277, 280, 268, 272, 278, 268, 281, 272, 278, 277, 278, 278, 272, 271, 272, 278, 281, 278, 272, 277, 281, 272, 275, 272, 281, 278, 278, 278, 277, 281, 277, 271, 281, 277, 271, 272, 268, 268, 271, 278, 281, 278, 264, 277, 278, 272, 278, 277, 268, 278, 272, 268, 264, 262, 278, 278, 278, 278, 268, 278, 278, 281, 272, 268, 277, 268, 277, 278, 272, 272, 272, 272, 278, 278, 281, 278, 264, 278, 278, 277, 278, 281, 272, 278, 277, 281, 278, 281, 277, 278, 268, 272, 281, 278, 277, 278, 278, 268, 278, 272
Number of unique chromosomes (out of 100 chromosomes in total): 23
**********************************************************************
Printing generation: 821
Best chromosome in current generation with value: 152, competence: 259.000:
2, 3, 1, 3, 1, 3, 3, 3, 2, 2, 3, 2, 1, 1, 1, 3, 2, 3, 1, 2, 2, 1, 3, 1, 2, 1, 1, 3, 1, 3, 1, 2, 2, 1, 3, 3, 3, 3, 3, 2
competence values:
259, 252, 278, 278, 272, 274, 278, 278, 278, 278, 252, 274, 267, 278, 277, 270, 273, 277, 268, 268, 267, 267, 267, 278, 263, 268, 281, 278, 278, 278, 267, 278, 277, 278, 278, 278, 278, 267, 278, 277, 268, 279, 278, 278, 268, 278, 267, 268, 267, 278, 278, 278, 279, 268, 278, 278, 268, 278, 267, 268, 278, 278, 268, 278, 278, 278, 277, 280, 267, 268, 280, 277, 278, 280, 278, 274, 272, 278, 278, 267, 278, 280, 278, 268, 272, 268, 278, 267, 275, 277, 272, 278, 278, 278, 275, 275, 278, 278, 268, 278
Number of unique chromosomes (out of 100 chromosomes in total): 33
**********************************************************************
Printing generation: 831
Best chromosome in current generation with value: 149, competence: 278.000:
2, 3, 1, 3, 1, 3, 3, 3, 1, 2, 3, 2, 1, 1, 1, 3, 2, 3, 1, 2, 2, 1, 3, 1, 2, 1, 3, 2, 1, 3, 1, 2, 2, 1, 2, 3, 3, 3, 3, 2
competence values:
278, 278, 264, 278, 278, 278, 278, 269, 259, 272, 272, 267, 267, 278, 278, 277, 277, 272, 267, 278, 278, 267, 269, 269, 277, 277, 267, 267, 267, 267, 263, 268, 265, 259, 275, 277, 269, 278, 267, 267, 278, 264, 278, 278, 267, 262, 260, 277, 276, 275, 268, 260, 278, 268, 267, 268, 278, 278, 272, 268, 259, 278, 278, 278, 278, 278, 260, 278, 278, 278, 267, 267, 278, 278, 268, 278, 278, 273, 278, 278, 264, 267, 278, 278, 278, 264, 260, 278, 278, 278, 268, 278, 272, 272, 278, 278, 278, 275, 267, 275
Number of unique chromosomes (out of 100 chromosomes in total): 35
**********************************************************************
Printing generation: 841
Best chromosome in current generation with value: 147, competence: 272.000:
2, 3, 1, 3, 1, 2, 3, 3, 2, 2, 3, 2, 1, 1, 1, 3, 2, 3, 1, 2, 2, 1, 3, 1, 2, 1, 1, 2, 1, 3, 1, 2, 3, 1, 3, 3, 3, 3, 3, 2
competence values:
272, 265, 255, 277, 278, 278, 279, 278, 267, 278, 278, 267, 278, 246, 278, 272, 278, 279, 278, 278, 255, 278, 278, 277, 278, 272, 277, 272, 252, 277, 278, 274, 278, 252, 272, 272, 272, 278, 278, 252, 267, 263, 279, 267, 278, 272, 267, 278, 274, 260, 250, 272, 278, 250, 267, 279, 267, 277, 250, 274, 270, 279, 273, 278, 276, 279, 272, 272, 272, 265, 278, 272, 267, 272, 274, 260, 272, 279, 267, 278, 272, 274, 272, 279, 243, 264, 264, 278, 278, 278, 279, 267, 260, 272, 272, 278, 275, 261, 279, 274
Number of unique chromosomes (out of 100 chromosomes in total): 43
**********************************************************************
Printing generation: 851
Best chromosome in current generation with value: 151, competence: 272.000:
2, 3, 1, 3, 1, 3, 3, 3, 2, 2, 3, 2, 1, 1, 1, 3, 2, 3, 1, 2, 2, 1, 3, 1, 2, 1, 1, 2, 1, 3, 1, 2, 2, 1, 2, 3, 3, 3, 3, 2
competence values:
272, 272, 272, 277, 270, 277, 272, 270, 278, 269, 274, 262, 270, 270, 272, 272, 272, 272, 278, 272, 278, 263, 272, 272, 272, 272, 270, 278, 278, 272, 272, 272, 264, 272, 275, 278, 270, 278, 272, 277, 272, 278, 272, 272, 275, 278, 279, 272, 272, 274, 270, 278, 277, 277, 278, 272, 264, 263, 278, 277, 272, 277, 270, 277, 278, 276, 279, 255, 277, 267, 272, 278, 278, 279, 272, 272, 279, 263, 279, 272, 272, 272, 272, 277, 270, 278, 262, 255, 267, 272, 277, 278, 278, 263, 272, 278, 260, 275, 272, 270
Number of unique chromosomes (out of 100 chromosomes in total): 42
**********************************************************************
Printing generation: 861
Best chromosome in current generation with value: 151, competence: 275.000:
2, 3, 3, 3, 1, 3, 3, 3, 2, 2, 3, 2, 1, 1, 1, 3, 2, 3, 1, 2, 2, 1, 3, 1, 2, 1, 3, 2, 1, 3, 1, 2, 2, 1, 2, 3, 3, 3, 3, 2
competence values:
275, 265, 264, 279, 267, 258, 264, 260, 278, 269, 263, 275, 267, 275, 275, 267, 272, 264, 263, 250, 266, 273, 275, 263, 244, 263, 273, 272, 271, 252, 275, 273, 273, 267, 274, 267, 276, 263, 269, 280, 272, 272, 272, 263, 277, 272, 272, 275, 264, 273, 244, 254, 269, 275, 262, 270, 258, 247, 272, 278, 271, 272, 274, 270, 272, 270, 270, 272, 258, 262, 258, 274, 280, 272, 275, 274, 254, 264, 278, 262, 270, 258, 274, 261, 273, 273, 263, 263, 274, 272, 270, 264, 252, 274, 275, 272, 272, 279, 275, 261
Number of unique chromosomes (out of 100 chromosomes in total): 79
**********************************************************************
Printing generation: 871
Best chromosome in current generation with value: 154, competence: 261.000:
2, 3, 3, 3, 1, 3, 3, 3, 2, 2, 3, 2, 1, 1, 1, 2, 2, 3, 1, 2, 2, 1, 3, 1, 2, 1, 1, 2, 1, 3, 1, 2, 2, 1, 2, 3, 3, 3, 3, 2
competence values:
261, 273, 258, 271, 267, 261, 269, 257, 265, 272, 275, 267, 264, 278, 261, 272, 269, 255, 278, 263, 265, 261, 264, 278, 274, 270, 278, 268, 278, 274, 278, 274, 272, 263, 262, 265, 272, 281, 265, 263, 271, 265, 258, 267, 272, 279, 274, 272, 267, 272, 264, 263, 272, 272, 267, 278, 280, 265, 280, 270, 261, 269, 267, 277, 272, 257, 277, 267, 272, 279, 261, 263, 274, 265, 265, 279, 278, 266, 267, 278, 272, 280, 265, 272, 243, 267, 272, 262, 274, 255, 272, 278, 262, 263, 272, 278, 272, 270, 271, 278
Number of unique chromosomes (out of 100 chromosomes in total): 66
**********************************************************************
Printing generation: 881
Best chromosome in current generation with value: 145, competence: 270.000:
2, 3, 1, 3, 1, 3, 3, 3, 2, 2, 3, 2, 1, 1, 1, 3, 2, 3, 1, 2, 2, 3, 3, 1, 2, 1, 1, 2, 1, 3, 1, 2, 2, 1, 3, 3, 3, 3, 3, 2
competence values:
270, 268, 278, 271, 263, 266, 247, 274, 274, 278, 277, 278, 247, 270, 280, 261, 267, 271, 264, 278, 265, 272, 267, 277, 279, 264, 281, 279, 274, 273, 272, 271, 278, 273, 264, 277, 278, 275, 274, 272, 272, 274, 274, 274, 271, 275, 277, 278, 272, 274, 273, 273, 278, 267, 269, 250, 269, 263, 270, 274, 257, 280, 281, 273, 258, 278, 277, 280, 273, 273, 271, 274, 279, 270, 276, 250, 267, 272, 261, 263, 266, 261, 255, 261, 263, 277, 263, 263, 272, 277, 271, 277, 276, 278, 266, 274, 272, 250, 247, 271
Number of unique chromosomes (out of 100 chromosomes in total): 60
**********************************************************************
Printing generation: 891
Best chromosome in current generation with value: 144, competence: 274.000:
2, 3, 3, 3, 1, 3, 3, 3, 1, 2, 3, 2, 1, 1, 1, 3, 2, 3, 1, 2, 2, 1, 3, 1, 2, 1, 1, 2, 2, 3, 1, 2, 2, 1, 3, 3, 3, 3, 3, 2
competence values:
274, 277, 278, 277, 262, 271, 278, 262, 278, 277, 275, 264, 274, 278, 273, 266, 277, 267, 281, 277, 277, 278, 270, 279, 262, 269, 278, 272, 271, 263, 258, 277, 266, 275, 274, 271, 271, 278, 265, 266, 272, 281, 271, 271, 278, 278, 278, 278, 279, 272, 271, 278, 281, 272, 277, 274, 271, 279, 260, 275, 271, 271, 271, 273, 276, 273, 261, 272, 280, 259, 278, 256, 275, 272, 279, 277, 280, 272, 277, 276, 277, 273, 279, 278, 275, 261, 273, 277, 281, 277, 266, 270, 263, 272, 273, 280, 279, 279, 281, 277
Number of unique chromosomes (out of 100 chromosomes in total): 58
**********************************************************************
Printing generation: 901
Best chromosome in current generation with value: 149, competence: 266.000:
2, 3, 1, 3, 1, 3, 3, 3, 1, 2, 3, 2, 1, 1, 1, 3, 2, 3, 1, 2, 2, 1, 3, 1, 2, 1, 3, 2, 1, 3, 1, 2, 2, 1, 3, 3, 3, 3, 3, 2
competence values:
266, 277, 277, 261, 263, 273, 278, 278, 273, 278, 277, 267, 274, 277, 266, 266, 279, 278, 277, 277, 279, 256, 280, 272, 263, 261, 256, 277, 268, 266, 274, 271, 272, 277, 267, 274, 274, 277, 274, 277, 279, 275, 277, 272, 268, 272, 266, 266, 266, 281, 277, 266, 272, 273, 273, 269, 273, 282, 278, 266, 274, 278, 262, 272, 278, 280, 270, 279, 274, 261, 279, 268, 278, 269, 278, 278, 275, 256, 277, 271, 275, 274, 272, 266, 278, 278, 274, 274, 278, 276, 266, 275, 268, 274, 272, 278, 266, 275, 262, 268
Number of unique chromosomes (out of 100 chromosomes in total): 67
**********************************************************************
Printing generation: 911
Best chromosome in current generation with value: 151, competence: 262.000:
2, 3, 3, 3, 1, 3, 3, 3, 2, 2, 3, 2, 1, 1, 1, 3, 2, 3, 1, 2, 2, 1, 3, 1, 2, 1, 3, 2, 1, 3, 1, 1, 2, 1, 3, 3, 3, 3, 3, 2
competence values:
262, 278, 280, 271, 266, 279, 272, 257, 273, 274, 279, 274, 272, 271, 272, 280, 262, 250, 272, 262, 278, 271, 257, 280, 279, 270, 278, 274, 270, 279, 275, 268, 278, 264, 279, 274, 274, 278, 272, 263, 280, 272, 272, 273, 275, 275, 266, 281, 275, 278, 262, 273, 273, 266, 275, 266, 273, 277, 271, 261, 263, 270, 282, 274, 274, 272, 275, 272, 275, 273, 266, 279, 274, 275, 273, 278, 275, 278, 280, 279, 264, 271, 261, 271, 261, 266, 277, 278, 263, 272, 280, 275, 270, 273, 268, 278, 273, 280, 278, 268
Number of unique chromosomes (out of 100 chromosomes in total): 62
**********************************************************************
Printing generation: 921
Best chromosome in current generation with value: 143, competence: 274.000:
2, 3, 1, 3, 1, 3, 2, 3, 2, 2, 3, 2, 1, 1, 1, 3, 2, 3, 1, 2, 2, 3, 3, 1, 2, 1, 1, 2, 1, 3, 1, 2, 2, 1, 3, 3, 3, 3, 3, 2
competence values:
274, 276, 275, 277, 278, 274, 280, 255, 272, 272, 269, 272, 270, 280, 275, 275, 272, 272, 270, 259, 272, 274, 272, 270, 268, 278, 278, 257, 269, 257, 279, 274, 275, 269, 280, 279, 275, 269, 280, 273, 266, 273, 272, 270, 265, 272, 257, 281, 263, 280, 272, 274, 278, 269, 273, 263, 266, 274, 272, 275, 277, 270, 269, 268, 279, 274, 263, 273, 264, 278, 259, 255, 278, 243, 265, 273, 279, 268, 266, 257, 265, 278, 274, 266, 278, 274, 250, 262, 278, 279, 272, 270, 270, 266, 270, 263, 257, 265, 278, 279
Number of unique chromosomes (out of 100 chromosomes in total): 67
**********************************************************************
Printing generation: 931
Best chromosome in current generation with value: 157, competence: 259.000:
2, 3, 1, 2, 1, 3, 3, 3, 2, 2, 3, 2, 1, 1, 1, 3, 2, 3, 1, 2, 2, 3, 3, 1, 2, 1, 1, 2, 1, 3, 3, 2, 2, 1, 3, 3, 3, 3, 3, 2
competence values:
259, 272, 282, 282, 274, 274, 272, 272, 272, 271, 261, 273, 273, 266, 267, 270, 270, 272, 269, 272, 266, 263, 273, 280, 274, 272, 274, 255, 277, 278, 275, 255, 257, 282, 277, 270, 279, 277, 272, 275, 275, 269, 261, 282, 276, 277, 276, 269, 273, 272, 277, 264, 267, 264, 278, 278, 266, 269, 268, 274, 265, 275, 274, 257, 275, 272, 275, 278, 262, 278, 278, 281, 272, 271, 272, 264, 262, 273, 274, 273, 271, 260, 279, 275, 263, 259, 268, 265, 268, 272, 274, 274, 259, 278, 269, 272, 279, 265, 271, 272
Number of unique chromosomes (out of 100 chromosomes in total): 69
**********************************************************************
Printing generation: 941
Best chromosome in current generation with value: 158, competence: 254.000:
2, 3, 3, 3, 1, 3, 3, 1, 2, 2, 3, 2, 1, 1, 1, 3, 2, 3, 1, 2, 2, 1, 3, 1, 2, 1, 3, 2, 1, 3, 3, 2, 2, 1, 3, 3, 3, 3, 3, 2
competence values:
254, 275, 275, 280, 264, 276, 268, 266, 273, 270, 274, 259, 265, 267, 266, 273, 265, 276, 278, 249, 269, 274, 268, 280, 269, 273, 274, 273, 266, 281, 259, 273, 275, 260, 278, 249, 265, 268, 270, 269, 271, 270, 280, 272, 266, 267, 259, 266, 278, 266, 272, 267, 275, 259, 261, 273, 268, 279, 265, 275, 273, 277, 259, 274, 266, 259, 249, 277, 268, 279, 276, 273, 275, 275, 265, 282, 273, 275, 254, 277, 263, 278, 268, 279, 254, 265, 273, 281, 281, 281, 280, 249, 259, 266, 267, 275, 268, 266, 270, 276
Number of unique chromosomes (out of 100 chromosomes in total): 69
**********************************************************************
Printing generation: 951
Best chromosome in current generation with value: 148, competence: 260.000:
2, 3, 1, 3, 1, 3, 3, 1, 2, 2, 3, 2, 1, 1, 1, 3, 2, 3, 1, 2, 2, 3, 3, 1, 2, 1, 1, 2, 1, 3, 1, 2, 2, 1, 3, 3, 3, 3, 3, 2
competence values:
260, 276, 268, 272, 257, 260, 264, 267, 265, 271, 280, 268, 269, 263, 266, 269, 270, 264, 259, 264, 266, 264, 259, 268, 275, 282, 265, 269, 267, 264, 269, 266, 267, 270, 266, 269, 273, 275, 269, 268, 271, 271, 270, 275, 280, 275, 268, 260, 275, 276, 268, 275, 265, 263, 277, 271, 266, 273, 265, 259, 275, 260, 259, 264, 266, 265, 270, 273, 272, 280, 266, 269, 268, 280, 265, 268, 266, 278, 274, 269, 265, 266, 269, 274, 268, 275, 263, 271, 265, 269, 266, 269, 260, 268, 266, 267, 260, 269, 266, 266
Number of unique chromosomes (out of 100 chromosomes in total): 57
**********************************************************************
Printing generation: 961
Best chromosome in current generation with value: 167, competence: 260.000:
2, 3, 1, 3, 1, 3, 2, 1, 2, 2, 3, 2, 1, 1, 1, 3, 2, 3, 1, 2, 2, 3, 3, 1, 2, 1, 1, 2, 1, 3, 3, 2, 3, 1, 3, 3, 3, 3, 3, 2
competence values:
260, 263, 257, 272, 265, 266, 250, 277, 260, 270, 273, 275, 266, 280, 260, 267, 267, 279, 265, 257, 277, 272, 270, 263, 282, 263, 266, 275, 265, 275, 277, 253, 275, 270, 254, 277, 273, 265, 274, 266, 260, 270, 257, 270, 282, 271, 268, 268, 271, 279, 273, 272, 269, 268, 244, 261, 275, 254, 275, 268, 259, 272, 263, 276, 260, 275, 271, 267, 275, 273, 275, 282, 273, 264, 273, 268, 265, 282, 270, 275, 265, 256, 257, 267, 262, 272, 269, 255, 275, 275, 282, 267, 270, 271, 264, 269, 266, 267, 265, 268
Number of unique chromosomes (out of 100 chromosomes in total): 66
**********************************************************************
Printing generation: 971
Best chromosome in current generation with value: 154, competence: 263.000:
2, 3, 1, 3, 1, 3, 3, 1, 2, 2, 3, 2, 1, 1, 1, 2, 2, 3, 1, 1, 2, 3, 3, 1, 2, 1, 2, 2, 1, 1, 1, 2, 2, 1, 3, 3, 3, 3, 3, 2
competence values:
263, 269, 279, 275, 264, 275, 275, 268, 271, 266, 279, 279, 271, 275, 273, 263, 265, 275, 260, 279, 265, 275, 260, 264, 256, 275, 275, 265, 279, 269, 264, 279, 265, 279, 280, 272, 272, 272, 261, 266, 264, 271, 264, 264, 267, 273, 280, 264, 266, 271, 268, 272, 265, 269, 249, 267, 264, 275, 269, 275, 269, 261, 260, 265, 254, 260, 279, 265, 260, 272, 260, 265, 266, 265, 271, 268, 271, 275, 272, 264, 254, 272, 282, 275, 260, 267, 253, 264, 275, 264, 272, 272, 260, 275, 269, 275, 266, 261, 262, 267
Number of unique chromosomes (out of 100 chromosomes in total): 58
**********************************************************************
Printing generation: 981
Best chromosome in current generation with value: 169, competence: 269.000:
2, 3, 1, 3, 1, 3, 2, 1, 2, 1, 3, 2, 1, 1, 1, 3, 2, 3, 1, 1, 2, 3, 3, 1, 2, 1, 1, 2, 1, 3, 1, 2, 2, 1, 3, 3, 3, 3, 3, 2
competence values:
269, 278, 278, 272, 266, 264, 276, 279, 275, 249, 277, 273, 278, 277, 280, 278, 279, 265, 264, 269, 263, 265, 280, 266, 279, 266, 265, 273, 247, 278, 275, 261, 280, 265, 275, 275, 273, 275, 265, 265, 275, 276, 265, 277, 277, 279, 280, 271, 265, 265, 253, 262, 275, 260, 282, 262, 266, 266, 265, 282, 269, 254, 262, 261, 272, 263, 282, 265, 266, 282, 265, 259, 280, 278, 282, 265, 282, 261, 277, 271, 280, 268, 275, 265, 275, 272, 256, 264, 275, 280, 271, 275, 268, 280, 280, 280, 278, 282, 279, 280
Number of unique chromosomes (out of 100 chromosomes in total): 54
**********************************************************************
Printing generation: 991
Best chromosome in current generation with value: 146, competence: 260.000:
2, 3, 1, 1, 1, 3, 2, 1, 2, 2, 3, 2, 1, 1, 1, 2, 2, 3, 1, 1, 2, 3, 3, 1, 2, 1, 3, 2, 3, 3, 1, 2, 2, 1, 3, 3, 3, 3, 3, 2
competence values:
260, 272, 269, 260, 269, 260, 239, 268, 272, 278, 275, 275, 269, 269, 275, 272, 250, 282, 265, 266, 282, 278, 259, 259, 277, 282, 272, 267, 269, 270, 282, 280, 269, 269, 278, 273, 279, 272, 271, 262, 270, 281, 279, 265, 278, 278, 277, 282, 279, 272, 269, 271, 279, 272, 272, 269, 279, 252, 269, 272, 279, 277, 282, 282, 280, 260, 279, 238, 279, 280, 264, 261, 275, 252, 254, 268, 269, 279, 272, 266, 272, 278, 265, 256, 272, 279, 268, 272, 282, 259, 282, 279, 279, 282, 265, 252, 279, 252, 270, 279
Number of unique chromosomes (out of 100 chromosomes in total): 52
**********************************************************************
Printing generation: 1001
Best chromosome in current generation with value: 157, competence: 279.000:
2, 3, 1, 3, 1, 3, 2, 1, 2, 2, 3, 2, 1, 1, 1, 3, 2, 3, 1, 2, 2, 3, 3, 1, 2, 1, 3, 2, 1, 3, 2, 2, 2, 1, 3, 3, 3, 3, 3, 2
competence values:
279, 269, 277, 272, 279, 279, 254, 272, 269, 272, 269, 282, 269, 269, 279, 269, 266, 282, 269, 271, 258, 280, 279, 279, 266, 273, 269, 263, 269, 279, 269, 266, 278, 276, 270, 279, 279, 279, 269, 272, 266, 279, 282, 270, 269, 272, 269, 279, 277, 282, 269, 279, 279, 273, 269, 269, 281, 279, 279, 282, 269, 269, 271, 279, 272, 261, 281, 269, 269, 266, 268, 282, 279, 271, 269, 269, 279, 272, 269, 280, 279, 281, 282, 272, 269, 269, 271, 259, 269, 278, 278, 272, 279, 275, 269, 282, 269, 281, 271, 282
Number of unique chromosomes (out of 100 chromosomes in total): 38
**********************************************************************
Printing generation: 1011
Best chromosome in current generation with value: 153, competence: 269.000:
2, 3, 1, 3, 1, 2, 2, 1, 2, 2, 3, 2, 1, 1, 1, 2, 2, 3, 1, 2, 2, 3, 3, 1, 2, 1, 3, 2, 1, 1, 1, 2, 2, 1, 3, 3, 3, 3, 3, 2
competence values:
269, 265, 271, 279, 267, 268, 269, 282, 279, 279, 279, 269, 279, 279, 282, 259, 269, 269, 249, 268, 279, 266, 279, 269, 282, 274, 272, 267, 259, 279, 279, 271, 279, 272, 279, 269, 269, 269, 279, 269, 282, 277, 279, 279, 269, 274, 258, 249, 281, 274, 282, 279, 269, 271, 269, 279, 279, 269, 268, 269, 282, 259, 273, 279, 269, 266, 249, 258, 279, 279, 269, 276, 268, 269, 279, 269, 282, 273, 263, 269, 279, 272, 269, 279, 282, 268, 282, 273, 272, 269, 262, 258, 279, 277, 279, 279, 279, 282, 279, 279
Number of unique chromosomes (out of 100 chromosomes in total): 43
**********************************************************************
Printing generation: 1021
Best chromosome in current generation with value: 153, competence: 250.000:
2, 3, 1, 3, 1, 2, 2, 1, 2, 2, 3, 2, 1, 1, 1, 2, 2, 3, 1, 2, 2, 3, 3, 1, 2, 1, 3, 2, 1, 1, 1, 2, 2, 1, 3, 3, 3, 3, 3, 2
competence values:
250, 265, 269, 280, 270, 282, 282, 279, 266, 282, 279, 273, 269, 279, 277, 272, 262, 277, 265, 265, 274, 282, 279, 279, 279, 259, 273, 269, 273, 250, 269, 269, 279, 282, 282, 269, 269, 282, 279, 265, 252, 277, 279, 273, 281, 279, 282, 269, 269, 279, 282, 280, 269, 265, 269, 269, 269, 266, 282, 269, 247, 279, 266, 269, 282, 279, 266, 277, 270, 276, 279, 265, 277, 282, 266, 269, 273, 265, 269, 274, 263, 266, 279, 282, 270, 273, 276, 266, 274, 269, 259, 282, 279, 277, 279, 279, 282, 269, 265, 252
Number of unique chromosomes (out of 100 chromosomes in total): 45
**********************************************************************
New best solution found in generation: 1028
Best chromosome in current generation with value: 141, competence: 256.000:
2, 3, 1, 3, 1, 3, 2, 1, 2, 2, 3, 2, 1, 1, 1, 3, 2, 3, 1, 2, 2, 3, 3, 1, 2, 1, 3, 2, 1, 3, 1, 2, 2, 1, 3, 3, 3, 3, 3, 2
competence values:
256, 274, 272, 272, 277, 282, 256, 277, 263, 282, 269, 277, 280, 282, 282, 263, 279, 266, 274, 269, 282, 256, 279, 282, 271, 279, 276, 273, 282, 277, 274, 269, 266, 282, 269, 272, 266, 256, 266, 262, 265, 266, 269, 272, 279, 270, 279, 263, 282, 269, 269, 258, 269, 280, 269, 272, 282, 280, 267, 264, 276, 277, 279, 282, 270, 269, 276, 282, 263, 263, 250, 269, 279, 273, 277, 273, 282, 267, 279, 270, 277, 272, 279, 257, 269, 276, 274, 274, 275, 279, 279, 282, 256, 256, 263, 251, 272, 269, 266, 279
Number of unique chromosomes (out of 100 chromosomes in total): 55
-----------------------------------------
Overall number of generations created: 1028
Number of seconds elapsed: 11.952
The final solution:
m1 : J14(2, 1), J34(3, 1), J3(5, 1), J8(9, 1), J24(10, 1), J29(12, 1), J26(13, 1), J5(16, 1), J15(16, 1), J31(16, 1), J19(19, 1), J13(20, 1) 	 sum: 141, types: 1
m2 : J7(2, 1), J32(3, 1), J17(6, 1), J20(10, 1), J40(10, 1), J9(11, 1), J10(11, 1), J21(12, 1), J28(13, 1), J25(14, 1), J12(15, 1), J1(17, 1), J33(17, 1) 	 sum: 141, types: 1
m3 : J39(1, 1), J16(3, 1), J30(3, 1), J37(3, 1), J4(4, 1), J22(6, 1), J27(7, 1), J2(9, 1), J6(9, 1), J36(11, 1), J35(12, 1), J11(16, 1), J23(18, 1), J18(19, 1), J38(20, 1) 	 sum: 141, types: 1

Objective function's value: max{141, 141, 141} = 141
*Lower bound (not necessarily tight): 141

**output format:
	m_k is the k'th machine.
	J_i(P, T, M) is the i'th job with processing time P, of type T, and is assigned to machine M (marked as '?' when unassigned).