The problem had 40 jobs that needed to be scheduled on 3 machines.
**********************************************************************
printing Initial generation:
Best chromosome in current generation with value: 174, competence: 250.000:
1, 2, 3, 1, 2, 3, 1, 2, 3, 1, 2, 3, 1, 2, 3, 1, 2, 3, 1, 2, 3, 1, 2, 3, 1, 2, 3, 1, 2, 3, 1, 2, 3, 1, 2, 3, 1, 2, 3, 1
competence values:
250, 276, 210, 265, 231, 238, 258, 246, 190, 234, 250, 233, 260, 261, 203, 252, 258, 221, 258, 236, 266, 253, 247, 248, 256, 247, 260, 271, 206, 199, 254, 254, 246, 248, 248, 264, 248, 249, 244, 252, 201, 245, 221, 241, 230, 268, 229, 261, 242, 260, 251, 241, 252, 235, 244, 262, 245, 263, 251, 274, 201, 254, 208, 231, 220, 261, 267, 241, 269, 254, 249, 270, 236, 215, 250, 260, 241, 267, 232, 211, 265, 221, 248, 241, 242, 267, 225, 244, 279, 274, 250, 268, 260, 245, 231, 246, 264, 227, 274, 223
Number of unique chromosomes (out of 100 chromosomes in total): 100
**********************************************************************
New best solution found in generation: 6
Best chromosome in current generation with value: 156, competence: 240.000:
1, 2, 2, 1, 3, 3, 3, 2, 3, 2, 2, 3, 1, 1, 2, 3, 1, 3, 1, 3, 3, 1, 1, 2, 3, 3, 2, 2, 1, 2, 2, 1, 2, 2, 1, 1, 2, 1, 3, 3
competence values:
240, 246, 247, 263, 264, 262, 276, 268, 207, 250, 237, 235, 263, 235, 241, 260, 240, 262, 244, 254, 248, 226, 241, 260, 196, 229, 250, 255, 211, 242, 231, 244, 246, 232, 217, 237, 237, 260, 269, 249, 241, 277, 260, 258, 258, 197, 245, 249, 229, 281, 238, 248, 233, 225, 260, 234, 269, 272, 272, 249, 254, 206, 228, 245, 265, 225, 231, 238, 276, 200, 259, 251, 278, 256, 272, 192, 234, 265, 257, 267, 268, 241, 263, 258, 239, 239, 248, 225, 249, 268, 270, 233, 230, 255, 256, 264, 238, 224, 253, 202
Number of unique chromosomes (out of 100 chromosomes in total): 99
**********************************************************************
Printing generation: 11
Best chromosome in current generation with value: 169, competence: 268.000:
1, 3, 1, 3, 2, 3, 1, 3, 3, 2, 1, 3, 1, 1, 1, 1, 3, 3, 2, 2, 1, 3, 3, 2, 1, 3, 2, 2, 2, 2, 1, 1, 2, 3, 1, 3, 1, 2, 2, 3
competence values:
268, 244, 276, 275, 282, 246, 273, 272, 222, 267, 244, 244, 243, 252, 250, 276, 272, 266, 269, 260, 240, 214, 260, 268, 238, 261, 253, 249, 276, 267, 236, 253, 255, 255, 263, 211, 248, 259, 248, 273, 272, 268, 267, 257, 263, 263, 247, 245, 193, 264, 242, 223, 241, 252, 251, 231, 259, 234, 241, 234, 201, 273, 221, 265, 264, 256, 241, 256, 261, 233, 272, 207, 202, 253, 243, 240, 230, 229, 259, 252, 240, 251, 231, 256, 243, 274, 256, 264, 236, 250, 270, 235, 242, 258, 234, 251, 261, 267, 255, 249
Number of unique chromosomes (out of 100 chromosomes in total): 98
**********************************************************************
Printing generation: 21
Best chromosome in current generation with value: 182, competence: 248.000:
1, 3, 3, 1, 3, 3, 3, 2, 1, 1, 1, 1, 2, 2, 1, 1, 3, 3, 3, 3, 2, 2, 2, 2, 3, 3, 2, 1, 2, 3, 1, 3, 2, 1, 2, 3, 1, 1, 1, 1
competence values:
248, 260, 179, 270, 253, 217, 248, 272, 207, 228, 278, 259, 264, 195, 266, 264, 236, 252, 230, 249, 214, 264, 252, 264, 268, 261, 254, 239, 245, 226, 272, 261, 222, 227, 233, 246, 223, 223, 255, 264, 271, 237, 261, 257, 262, 279, 263, 256, 229, 271, 185, 232, 262, 253, 252, 229, 257, 238, 233, 222, 269, 266, 256, 225, 240, 271, 262, 271, 265, 230, 264, 276, 270, 255, 253, 257, 270, 278, 210, 264, 236, 251, 228, 246, 275, 217, 257, 269, 268, 231, 262, 251, 246, 225, 243, 261, 214, 266, 261, 259
Number of unique chromosomes (out of 100 chromosomes in total): 98
**********************************************************************
New best solution found in generation: 26
Best chromosome in current generation with value: 145, competence: 238.000:
3, 3, 3, 2, 3, 3, 3, 2, 1, 1, 1, 1, 2, 2, 1, 2, 3, 3, 3, 1, 2, 2, 1, 2, 3, 3, 2, 1, 1, 1, 1, 3, 2, 2, 2, 1, 2, 1, 3, 1
competence values:
238, 235, 265, 230, 275, 231, 258, 254, 274, 265, 255, 244, 253, 244, 280, 247, 256, 236, 264, 257, 262, 250, 228, 258, 276, 279, 232, 268, 261, 257, 264, 219, 255, 276, 208, 197, 235, 255, 249, 263, 274, 245, 268, 268, 261, 241, 269, 274, 260, 273, 261, 261, 273, 273, 251, 251, 269, 266, 251, 265, 222, 270, 226, 279, 190, 276, 250, 256, 257, 224, 270, 269, 219, 264, 272, 271, 256, 256, 240, 214, 273, 259, 260, 250, 277, 260, 228, 254, 253, 226, 222, 263, 254, 219, 235, 248, 265, 253, 219, 226
Number of unique chromosomes (out of 100 chromosomes in total): 97
**********************************************************************
Printing generation: 31
Best chromosome in current generation with value: 152, competence: 265.000:
1, 3, 2, 1, 3, 3, 3, 2, 1, 1, 1, 1, 2, 2, 1, 1, 3, 2, 3, 1, 2, 2, 2, 2, 3, 3, 2, 2, 1, 3, 1, 3, 3, 2, 2, 1, 2, 1, 3, 1
competence values:
265, 219, 259, 276, 269, 264, 274, 253, 241, 276, 249, 253, 238, 247, 257, 260, 252, 234, 264, 261, 236, 260, 250, 240, 271, 263, 258, 259, 261, 240, 259, 263, 273, 264, 269, 250, 248, 272, 250, 276, 267, 240, 279, 260, 221, 242, 277, 262, 242, 255, 247, 253, 263, 251, 248, 258, 260, 223, 255, 258, 243, 281, 281, 266, 265, 262, 277, 238, 239, 217, 236, 213, 216, 235, 268, 245, 232, 263, 267, 253, 256, 277, 237, 270, 265, 260, 243, 264, 268, 262, 263, 249, 202, 273, 276, 255, 266, 258, 252, 269
Number of unique chromosomes (out of 100 chromosomes in total): 96
**********************************************************************
Printing generation: 41
Best chromosome in current generation with value: 156, competence: 270.000:
1, 2, 2, 1, 2, 3, 1, 2, 1, 1, 1, 1, 2, 2, 3, 3, 2, 3, 1, 3, 3, 2, 2, 3, 3, 3, 1, 2, 1, 1, 1, 3, 3, 2, 2, 3, 1, 1, 2, 3
competence values:
270, 233, 210, 254, 252, 277, 232, 272, 253, 238, 252, 250, 262, 267, 266, 224, 269, 272, 240, 268, 241, 223, 274, 240, 254, 267, 250, 264, 240, 243, 265, 258, 252, 248, 241, 271, 267, 226, 258, 279, 240, 252, 230, 265, 267, 237, 262, 243, 253, 266, 233, 270, 269, 251, 238, 269, 232, 269, 256, 218, 239, 247, 252, 260, 255, 260, 264, 243, 231, 249, 261, 250, 253, 259, 256, 245, 256, 245, 252, 237, 259, 262, 245, 270, 256, 260, 246, 275, 240, 270, 254, 238, 226, 247, 234, 259, 260, 277, 252, 274
Number of unique chromosomes (out of 100 chromosomes in total): 98
**********************************************************************
Printing generation: 51
Best chromosome in current generation with value: 160, competence: 260.000:
1, 3, 3, 1, 3, 3, 3, 2, 1, 1, 2, 3, 1, 2, 3, 1, 3, 3, 3, 1, 2, 3, 1, 2, 3, 1, 2, 3, 1, 1, 1, 3, 2, 2, 2, 3, 3, 1, 2, 2
competence values:
260, 264, 230, 270, 230, 254, 240, 240, 255, 257, 276, 270, 230, 230, 250, 251, 265, 253, 245, 272, 265, 239, 254, 262, 279, 273, 250, 256, 248, 240, 277, 253, 267, 277, 255, 271, 239, 273, 255, 243, 250, 257, 261, 268, 273, 271, 269, 240, 247, 239, 254, 255, 272, 237, 261, 270, 271, 261, 262, 279, 279, 252, 269, 239, 235, 269, 263, 261, 251, 256, 261, 263, 278, 261, 244, 254, 255, 261, 256, 248, 236, 269, 271, 246, 269, 260, 260, 272, 271, 239, 271, 262, 270, 278, 243, 264, 262, 255, 265, 261
Number of unique chromosomes (out of 100 chromosomes in total): 98
**********************************************************************
Printing generation: 61
Best chromosome in current generation with value: 160, competence: 252.000:
1, 3, 3, 1, 3, 3, 2, 2, 1, 1, 1, 1, 2, 2, 3, 1, 3, 2, 3, 1, 2, 2, 2, 2, 1, 1, 1, 3, 1, 1, 1, 3, 1, 2, 2, 2, 3, 2, 1, 3
competence values:
252, 267, 263, 257, 271, 266, 278, 257, 275, 240, 254, 269, 244, 262, 261, 265, 271, 266, 246, 233, 251, 246, 255, 262, 258, 237, 215, 251, 262, 275, 257, 250, 257, 247, 277, 262, 256, 251, 259, 268, 263, 267, 249, 262, 264, 258, 270, 263, 262, 258, 257, 248, 254, 262, 239, 227, 278, 260, 247, 249, 273, 237, 262, 270, 255, 273, 270, 277, 265, 243, 258, 255, 277, 255, 246, 252, 242, 261, 257, 267, 262, 260, 249, 277, 269, 257, 264, 265, 263, 258, 274, 274, 278, 248, 244, 253, 273, 271, 262, 267
Number of unique chromosomes (out of 100 chromosomes in total): 96
**********************************************************************
Printing generation: 71
Best chromosome in current generation with value: 162, competence: 221.000:
1, 3, 2, 3, 2, 3, 1, 2, 1, 1, 1, 1, 2, 2, 3, 1, 3, 3, 3, 2, 3, 2, 2, 2, 1, 3, 2, 2, 1, 1, 1, 3, 1, 2, 2, 1, 2, 3, 3, 3
competence values:
221, 251, 237, 267, 275, 275, 244, 262, 263, 269, 275, 250, 268, 247, 272, 264, 266, 266, 279, 271, 257, 277, 254, 266, 264, 269, 239, 261, 253, 261, 264, 261, 267, 277, 253, 240, 264, 264, 270, 259, 276, 246, 278, 254, 268, 257, 262, 226, 262, 241, 266, 271, 272, 257, 272, 248, 265, 266, 270, 260, 271, 274, 263, 215, 264, 263, 241, 266, 265, 253, 276, 266, 249, 276, 265, 267, 258, 253, 252, 254, 258, 264, 256, 258, 270, 252, 270, 265, 268, 258, 267, 262, 250, 241, 261, 281, 274, 253, 268, 270
Number of unique chromosomes (out of 100 chromosomes in total): 94
**********************************************************************
Printing generation: 81
Best chromosome in current generation with value: 169, competence: 265.000:
1, 3, 2, 3, 3, 2, 1, 2, 1, 1, 3, 2, 2, 2, 3, 2, 2, 2, 3, 2, 3, 2, 2, 2, 1, 3, 2, 2, 1, 1, 1, 3, 1, 3, 2, 1, 2, 3, 3, 3
competence values:
265, 276, 248, 249, 278, 254, 273, 254, 264, 269, 261, 254, 245, 261, 271, 265, 254, 251, 256, 257, 238, 270, 263, 273, 273, 269, 252, 274, 271, 276, 269, 258, 250, 250, 255, 256, 263, 252, 265, 258, 252, 265, 255, 256, 240, 256, 266, 276, 260, 249, 253, 266, 252, 268, 262, 276, 266, 248, 275, 279, 275, 247, 262, 275, 234, 264, 272, 269, 232, 249, 231, 253, 264, 234, 264, 273, 245, 273, 268, 242, 262, 270, 270, 242, 264, 272, 237, 269, 261, 273, 257, 273, 271, 272, 248, 241, 250, 260, 271, 270
Number of unique chromosomes (out of 100 chromosomes in total): 97
**********************************************************************
Printing generation: 91
Best chromosome in current generation with value: 161, competence: 270.000:
3, 2, 2, 1, 3, 3, 1, 2, 1, 1, 1, 1, 2, 2, 3, 1, 2, 3, 3, 2, 3, 2, 1, 2, 2, 3, 2, 2, 1, 1, 1, 2, 3, 1, 2, 2, 2, 1, 3, 3
competence values:
270, 244, 266, 261, 265, 254, 264, 273, 262, 266, 249, 267, 274, 242, 262, 280, 273, 271, 278, 272, 267, 253, 276, 266, 258, 267, 262, 273, 272, 270, 277, 278, 246, 264, 270, 271, 274, 263, 263, 279, 280, 246, 260, 281, 271, 249, 271, 266, 240, 280, 269, 269, 248, 278, 271, 275, 277, 256, 279, 239, 255, 248, 278, 253, 251, 266, 262, 259, 263, 266, 219, 258, 255, 273, 274, 240, 271, 255, 223, 275, 277, 276, 278, 261, 266, 262, 266, 239, 276, 257, 267, 254, 245, 255, 269, 273, 267, 269, 275, 265
Number of unique chromosomes (out of 100 chromosomes in total): 97
**********************************************************************
Printing generation: 101
Best chromosome in current generation with value: 174, competence: 265.000:
1, 3, 2, 3, 3, 3, 2, 2, 1, 1, 1, 1, 2, 2, 3, 1, 2, 3, 3, 1, 1, 1, 1, 2, 2, 3, 2, 2, 1, 1, 1, 3, 3, 3, 2, 3, 3, 3, 2, 3
competence values:
265, 277, 267, 266, 265, 267, 262, 236, 244, 272, 238, 272, 261, 277, 258, 280, 274, 270, 256, 281, 253, 256, 271, 259, 267, 276, 275, 276, 262, 265, 271, 263, 271, 257, 268, 272, 264, 270, 263, 270, 236, 254, 269, 241, 270, 270, 258, 277, 274, 266, 265, 276, 277, 277, 268, 265, 247, 254, 268, 273, 270, 256, 256, 245, 256, 267, 280, 271, 277, 281, 273, 261, 238, 250, 260, 261, 262, 253, 281, 268, 248, 275, 256, 272, 268, 270, 269, 281, 267, 271, 258, 263, 272, 273, 259, 268, 281, 260, 277, 272
Number of unique chromosomes (out of 100 chromosomes in total): 95
**********************************************************************
Printing generation: 111
Best chromosome in current generation with value: 158, competence: 266.000:
1, 3, 2, 1, 3, 3, 1, 2, 1, 1, 1, 1, 2, 2, 3, 1, 2, 3, 3, 2, 3, 2, 1, 2, 2, 3, 2, 2, 1, 1, 1, 3, 3, 1, 2, 1, 2, 1, 2, 3
competence values:
266, 249, 262, 266, 256, 263, 273, 264, 260, 231, 270, 273, 247, 270, 278, 256, 256, 249, 268, 225, 275, 244, 275, 275, 246, 275, 275, 270, 266, 278, 265, 263, 282, 259, 267, 267, 259, 275, 274, 273, 262, 272, 271, 266, 269, 269, 271, 265, 276, 238, 257, 281, 271, 271, 263, 267, 271, 249, 256, 259, 253, 266, 256, 268, 279, 268, 261, 267, 267, 263, 268, 259, 268, 257, 275, 250, 267, 267, 268, 255, 256, 266, 276, 265, 255, 271, 272, 273, 279, 244, 273, 262, 267, 279, 269, 260, 263, 264, 259, 263
Number of unique chromosomes (out of 100 chromosomes in total): 85
**********************************************************************
Printing generation: 121
Best chromosome in current generation with value: 154, competence: 271.000:
2, 3, 2, 3, 2, 3, 1, 2, 1, 1, 1, 1, 2, 2, 3, 1, 2, 3, 3, 1, 3, 2, 1, 2, 2, 3, 1, 1, 1, 1, 1, 3, 1, 2, 2, 1, 1, 3, 3, 3
competence values:
271, 239, 259, 261, 270, 269, 261, 239, 267, 248, 252, 268, 267, 235, 275, 252, 280, 266, 267, 260, 252, 277, 221, 257, 281, 267, 265, 262, 276, 267, 277, 267, 273, 276, 258, 239, 278, 273, 249, 261, 255, 278, 281, 257, 276, 252, 267, 278, 259, 259, 268, 250, 262, 255, 260, 260, 262, 265, 274, 279, 250, 238, 258, 268, 255, 258, 259, 272, 244, 267, 281, 265, 260, 264, 267, 267, 274, 278, 251, 262, 272, 276, 266, 251, 262, 266, 264, 248, 265, 277, 278, 265, 268, 269, 275, 269, 262, 251, 266, 282
Number of unique chromosomes (out of 100 chromosomes in total): 95
**********************************************************************
Printing generation: 131
Best chromosome in current generation with value: 172, competence: 264.000:
1, 3, 2, 3, 2, 3, 1, 2, 1, 1, 1, 1, 2, 2, 3, 1, 2, 1, 1, 1, 1, 2, 1, 2, 1, 3, 2, 2, 1, 2, 1, 3, 3, 2, 2, 1, 2, 1, 2, 3
competence values:
264, 267, 277, 267, 265, 281, 242, 267, 267, 267, 246, 281, 255, 267, 269, 268, 259, 274, 267, 276, 271, 264, 271, 273, 267, 276, 276, 277, 246, 255, 258, 256, 255, 279, 257, 267, 273, 274, 255, 260, 256, 281, 257, 267, 277, 267, 252, 258, 255, 276, 266, 264, 263, 265, 266, 266, 267, 266, 266, 255, 254, 249, 267, 267, 268, 277, 266, 265, 252, 274, 260, 246, 273, 246, 267, 270, 273, 255, 267, 257, 256, 267, 274, 255, 273, 258, 277, 266, 271, 252, 254, 267, 268, 235, 257, 277, 265, 277, 260, 277
Number of unique chromosomes (out of 100 chromosomes in total): 83
**********************************************************************
Printing generation: 141
Best chromosome in current generation with value: 151, competence: 247.000:
3, 3, 2, 1, 2, 3, 1, 2, 1, 1, 1, 1, 3, 2, 3, 1, 2, 3, 1, 1, 3, 2, 1, 2, 2, 3, 2, 2, 1, 1, 1, 3, 3, 2, 2, 2, 2, 1, 3, 3
competence values:
247, 258, 267, 272, 268, 249, 251, 267, 267, 224, 268, 274, 262, 267, 246, 248, 275, 269, 250, 274, 277, 250, 276, 276, 256, 273, 276, 250, 279, 271, 264, 246, 273, 273, 267, 276, 266, 279, 244, 240, 268, 261, 261, 267, 265, 277, 267, 267, 268, 249, 277, 264, 240, 265, 257, 268, 259, 273, 264, 256, 269, 276, 241, 271, 267, 263, 280, 263, 268, 268, 267, 267, 266, 248, 240, 276, 246, 267, 240, 266, 254, 274, 266, 232, 263, 279, 244, 276, 249, 275, 278, 276, 249, 267, 273, 256, 243, 276, 249, 267
Number of unique chromosomes (out of 100 chromosomes in total): 83
**********************************************************************
Printing generation: 151
Best chromosome in current generation with value: 149, competence: 276.000:
1, 3, 2, 3, 2, 3, 3, 1, 1, 1, 1, 1, 3, 2, 3, 1, 2, 3, 3, 1, 2, 1, 2, 2, 1, 3, 2, 2, 1, 1, 1, 3, 3, 2, 2, 1, 2, 1, 3, 3
competence values:
276, 262, 277, 253, 273, 276, 267, 280, 262, 267, 267, 267, 270, 243, 267, 263, 269, 263, 263, 276, 270, 239, 276, 265, 263, 276, 248, 267, 252, 266, 272, 264, 267, 263, 248, 275, 273, 267, 267, 267, 258, 269, 274, 264, 267, 267, 278, 276, 267, 266, 272, 254, 273, 274, 267, 262, 265, 276, 270, 269, 264, 275, 273, 269, 236, 267, 267, 256, 274, 258, 259, 261, 267, 265, 270, 268, 278, 275, 273, 275, 275, 267, 272, 269, 267, 268, 276, 264, 254, 263, 273, 277, 264, 261, 264, 272, 252, 274, 254, 267
Number of unique chromosomes (out of 100 chromosomes in total): 83
**********************************************************************
Printing generation: 161
Best chromosome in current generation with value: 153, competence: 263.000:
1, 3, 2, 1, 2, 3, 1, 2, 1, 1, 1, 2, 2, 2, 3, 1, 2, 3, 3, 2, 3, 2, 1, 2, 1, 3, 2, 2, 1, 1, 1, 3, 3, 2, 2, 1, 2, 1, 3, 3
competence values:
263, 267, 271, 267, 254, 267, 266, 267, 271, 264, 258, 277, 264, 254, 267, 275, 267, 274, 275, 242, 258, 274, 267, 259, 279, 267, 256, 260, 267, 256, 267, 276, 266, 262, 275, 273, 267, 265, 275, 277, 261, 262, 252, 267, 267, 264, 267, 279, 267, 272, 258, 267, 276, 263, 276, 252, 264, 264, 263, 257, 272, 252, 279, 252, 275, 267, 269, 271, 267, 236, 267, 238, 279, 244, 279, 251, 275, 266, 267, 263, 267, 267, 267, 279, 266, 236, 276, 252, 278, 269, 256, 275, 252, 274, 279, 267, 264, 257, 275, 267
Number of unique chromosomes (out of 100 chromosomes in total): 80
**********************************************************************
New best solution found in generation: 168
Best chromosome in current generation with value: 144, competence: 273.000:
1, 3, 2, 3, 3, 3, 1, 1, 1, 1, 1, 1, 2, 2, 1, 2, 2, 3, 3, 2, 2, 2, 1, 2, 1, 3, 2, 1, 1, 1, 1, 3, 3, 2, 2, 1, 2, 1, 3, 3
competence values:
273, 279, 267, 242, 267, 264, 278, 249, 267, 261, 277, 263, 267, 264, 255, 266, 279, 267, 249, 267, 273, 275, 263, 267, 277, 270, 250, 262, 263, 242, 265, 262, 263, 267, 279, 251, 278, 279, 270, 260, 252, 263, 277, 279, 279, 254, 274, 267, 254, 258, 267, 267, 270, 261, 275, 279, 264, 267, 270, 267, 249, 267, 267, 277, 251, 256, 267, 271, 262, 263, 265, 273, 264, 279, 278, 246, 276, 279, 267, 246, 267, 267, 272, 252, 276, 274, 267, 270, 262, 258, 251, 256, 273, 249, 279, 273, 261, 267, 246, 267
Number of unique chromosomes (out of 100 chromosomes in total): 70
**********************************************************************
Printing generation: 171
Best chromosome in current generation with value: 161, competence: 248.000:
3, 3, 2, 3, 3, 3, 1, 2, 1, 1, 1, 1, 2, 2, 3, 2, 2, 3, 3, 2, 2, 2, 1, 2, 1, 3, 2, 1, 1, 1, 1, 3, 3, 2, 2, 2, 2, 1, 3, 3
competence values:
248, 238, 264, 252, 277, 263, 263, 261, 267, 261, 252, 267, 251, 272, 267, 267, 246, 267, 253, 260, 275, 254, 271, 267, 262, 252, 267, 267, 264, 267, 256, 267, 267, 276, 264, 267, 276, 248, 252, 252, 275, 268, 246, 270, 267, 263, 273, 258, 268, 278, 260, 267, 251, 267, 253, 267, 263, 279, 271, 279, 263, 259, 256, 266, 251, 279, 267, 267, 279, 253, 267, 258, 273, 277, 261, 270, 272, 267, 270, 261, 256, 248, 271, 277, 279, 272, 267, 277, 260, 259, 262, 264, 279, 267, 267, 267, 279, 267, 267, 247
Number of unique chromosomes (out of 100 chromosomes in total): 77
**********************************************************************
Printing generation: 181
Best chromosome in current generation with value: 168, competence: 267.000:
1, 3, 2, 3, 3, 3, 1, 2, 1, 1, 1, 1, 2, 2, 3, 2, 2, 3, 3, 1, 2, 1, 2, 2, 1, 3, 2, 3, 1, 3, 1, 3, 3, 2, 2, 2, 2, 1, 3, 3
competence values:
267, 269, 277, 274, 268, 272, 251, 267, 267, 267, 264, 263, 279, 259, 271, 259, 255, 261, 267, 279, 271, 278, 267, 263, 258, 269, 267, 263, 266, 258, 267, 267, 277, 272, 279, 262, 267, 262, 250, 271, 267, 274, 276, 243, 267, 259, 272, 263, 272, 267, 271, 271, 261, 259, 258, 276, 278, 269, 268, 267, 267, 259, 259, 258, 267, 272, 267, 277, 267, 262, 262, 267, 279, 279, 263, 268, 272, 267, 272, 273, 267, 251, 266, 279, 279, 266, 262, 251, 259, 267, 258, 268, 275, 267, 268, 271, 268, 258, 263, 278
Number of unique chromosomes (out of 100 chromosomes in total): 76
**********************************************************************
Printing generation: 191
Best chromosome in current generation with value: 153, competence: 263.000:
1, 3, 2, 3, 3, 3, 1, 2, 1, 1, 1, 1, 2, 2, 3, 1, 2, 3, 1, 1, 3, 1, 2, 2, 1, 3, 2, 2, 1, 2, 1, 3, 3, 2, 2, 2, 2, 1, 3, 3
competence values:
263, 271, 263, 267, 272, 262, 272, 275, 263, 267, 263, 275, 262, 267, 258, 264, 267, 269, 273, 256, 262, 245, 262, 273, 271, 257, 268, 277, 270, 269, 267, 277, 263, 276, 273, 242, 273, 272, 276, 277, 272, 265, 275, 271, 279, 275, 257, 267, 267, 260, 265, 267, 267, 257, 269, 268, 263, 271, 256, 277, 259, 266, 242, 278, 272, 272, 263, 268, 268, 263, 269, 264, 271, 266, 267, 258, 268, 256, 270, 279, 267, 268, 251, 279, 273, 267, 267, 271, 272, 269, 277, 276, 258, 256, 245, 269, 272, 275, 267, 274
Number of unique chromosomes (out of 100 chromosomes in total): 77
**********************************************************************
Printing generation: 201
Best chromosome in current generation with value: 168, competence: 263.000:
3, 3, 2, 3, 3, 3, 1, 2, 1, 1, 1, 1, 2, 2, 3, 2, 2, 3, 3, 1, 2, 1, 1, 2, 1, 3, 2, 1, 1, 1, 1, 3, 3, 2, 3, 1, 2, 1, 3, 3
competence values:
263, 275, 279, 279, 277, 267, 268, 274, 268, 268, 258, 262, 268, 258, 267, 261, 277, 274, 266, 267, 273, 273, 268, 268, 268, 274, 266, 267, 258, 263, 279, 279, 268, 264, 279, 267, 269, 278, 263, 263, 273, 279, 277, 274, 277, 267, 253, 274, 277, 275, 277, 272, 273, 255, 248, 267, 267, 279, 266, 277, 265, 258, 279, 279, 268, 261, 255, 268, 277, 279, 259, 263, 266, 273, 267, 279, 279, 267, 267, 253, 258, 258, 264, 263, 267, 258, 267, 268, 263, 266, 268, 263, 248, 267, 279, 268, 268, 268, 267, 267
Number of unique chromosomes (out of 100 chromosomes in total): 76
**********************************************************************
Printing generation: 211
Best chromosome in current generation with value: 154, competence: 277.000:
1, 3, 3, 3, 2, 3, 1, 2, 1, 1, 1, 1, 3, 2, 3, 1, 2, 3, 3, 1, 2, 1, 2, 2, 1, 3, 2, 2, 1, 1, 1, 3, 3, 2, 2, 2, 2, 1, 3, 3
competence values:
277, 269, 268, 261, 267, 263, 272, 267, 268, 258, 267, 268, 268, 269, 279, 268, 278, 267, 271, 260, 274, 267, 277, 263, 261, 263, 273, 273, 263, 267, 266, 273, 273, 259, 273, 252, 268, 278, 258, 268, 273, 273, 273, 281, 279, 251, 277, 261, 277, 268, 273, 279, 252, 268, 263, 279, 269, 274, 277, 281, 277, 277, 263, 279, 259, 268, 267, 275, 269, 279, 272, 275, 274, 279, 274, 261, 275, 268, 273, 273, 267, 263, 274, 279, 277, 268, 263, 274, 263, 268, 276, 266, 281, 263, 278, 268, 262, 269, 258, 268
Number of unique chromosomes (out of 100 chromosomes in total): 79
**********************************************************************
Printing generation: 221
Best chromosome in current generation with value: 145, competence: 267.000:
1, 3, 2, 3, 3, 3, 1, 2, 1, 1, 1, 1, 2, 2, 3, 1, 2, 3, 3, 1, 2, 1, 1, 2, 1, 3, 2, 2, 1, 1, 1, 3, 3, 2, 2, 1, 2, 1, 3, 3
competence values:
267, 272, 266, 241, 274, 272, 278, 279, 252, 274, 272, 267, 274, 273, 273, 273, 275, 279, 279, 273, 256, 273, 274, 277, 253, 274, 267, 268, 252, 252, 263, 268, 273, 267, 279, 272, 263, 268, 273, 279, 279, 279, 279, 268, 271, 278, 262, 269, 253, 273, 258, 276, 268, 279, 273, 253, 267, 274, 260, 272, 271, 282, 278, 267, 268, 279, 268, 268, 270, 263, 268, 268, 268, 279, 267, 252, 276, 276, 273, 263, 272, 273, 279, 276, 279, 268, 257, 276, 273, 273, 266, 267, 279, 268, 273, 262, 268, 277, 269, 267
Number of unique chromosomes (out of 100 chromosomes in total): 70
**********************************************************************
New best solution found in generation: 222
Best chromosome in current generation with value: 143, competence: 279.000:
1, 3, 2, 1, 3, 3, 2, 2, 1, 1, 1, 1, 3, 2, 3, 1, 2, 3, 3, 1, 2, 1, 2, 2, 1, 3, 2, 2, 1, 1, 1, 3, 3, 2, 2, 1, 2, 1, 3, 3
competence values:
279, 267, 267, 282, 256, 268, 276, 274, 263, 273, 267, 279, 253, 262, 277, 267, 279, 277, 272, 263, 273, 274, 274, 272, 268, 273, 268, 279, 267, 253, 279, 273, 279, 277, 251, 279, 267, 272, 279, 273, 268, 268, 279, 263, 273, 277, 263, 279, 273, 273, 267, 251, 268, 268, 241, 272, 268, 277, 261, 262, 263, 279, 268, 252, 268, 260, 251, 263, 279, 278, 273, 248, 279, 279, 268, 268, 274, 263, 279, 263, 272, 268, 268, 248, 274, 273, 269, 279, 276, 273, 271, 264, 272, 273, 276, 268, 252, 273, 268, 268
Number of unique chromosomes (out of 100 chromosomes in total): 63
**********************************************************************
Printing generation: 231
Best chromosome in current generation with value: 146, competence: 260.000:
1, 3, 2, 1, 3, 3, 1, 2, 1, 1, 1, 1, 2, 2, 3, 1, 2, 3, 3, 1, 2, 1, 2, 2, 1, 3, 2, 3, 1, 1, 1, 3, 3, 2, 2, 1, 2, 1, 3, 3
competence values:
260, 273, 278, 267, 277, 263, 281, 273, 269, 267, 272, 270, 253, 268, 275, 268, 268, 268, 268, 252, 268, 261, 268, 268, 277, 277, 267, 260, 272, 247, 265, 265, 263, 273, 268, 252, 268, 279, 274, 268, 270, 277, 268, 268, 279, 269, 276, 266, 268, 265, 282, 277, 267, 268, 277, 268, 272, 263, 268, 261, 279, 253, 263, 279, 263, 277, 268, 260, 268, 268, 269, 279, 273, 267, 278, 268, 281, 269, 268, 268, 268, 275, 279, 277, 278, 273, 279, 275, 279, 268, 278, 268, 278, 274, 270, 273, 279, 269, 281, 277
Number of unique chromosomes (out of 100 chromosomes in total): 73
**********************************************************************
Printing generation: 241
Best chromosome in current generation with value: 159, competence: 265.000:
1, 3, 2, 3, 3, 3, 1, 2, 1, 1, 1, 1, 3, 2, 3, 1, 2, 3, 3, 2, 2, 1, 2, 2, 3, 3, 2, 1, 1, 1, 1, 3, 3, 2, 1, 1, 2, 1, 3, 3
competence values:
265, 272, 275, 276, 264, 269, 271, 275, 273, 268, 267, 275, 276, 272, 275, 268, 267, 274, 277, 268, 264, 277, 268, 280, 268, 280, 277, 258, 268, 267, 275, 263, 267, 263, 263, 277, 273, 278, 269, 273, 281, 267, 270, 273, 267, 258, 274, 265, 278, 277, 274, 263, 273, 273, 267, 273, 282, 273, 275, 274, 275, 268, 263, 268, 273, 275, 273, 268, 277, 273, 258, 263, 273, 279, 273, 275, 268, 273, 267, 265, 265, 271, 272, 268, 279, 272, 271, 275, 269, 277, 263, 273, 277, 277, 275, 274, 274, 274, 265, 279
Number of unique chromosomes (out of 100 chromosomes in total): 69
**********************************************************************
Printing generation: 251
Best chromosome in current generation with value: 151, competence: 260.000:
1, 3, 2, 3, 3, 3, 1, 2, 1, 1, 1, 1, 2, 2, 3, 1, 2, 3, 3, 1, 2, 2, 2, 2, 1, 3, 2, 1, 1, 1, 1, 3, 3, 2, 2, 2, 2, 1, 3, 3
competence values:
260, 275, 277, 258, 279, 263, 270, 270, 277, 277, 263, 282, 263, 275, 278, 268, 282, 273, 256, 275, 282, 263, 263, 263, 277, 263, 256, 270, 263, 270, 263, 265, 273, 268, 273, 267, 266, 258, 269, 275, 268, 275, 279, 270, 268, 268, 276, 274, 268, 274, 275, 275, 279, 268, 275, 278, 279, 268, 275, 253, 274, 265, 270, 282, 263, 279, 274, 268, 268, 267, 268, 268, 263, 253, 273, 268, 263, 272, 267, 277, 261, 274, 267, 273, 265, 278, 273, 276, 273, 261, 267, 279, 268, 275, 273, 271, 270, 268, 268, 279
Number of unique chromosomes (out of 100 chromosomes in total): 71
**********************************************************************
New best solution found in generation: 260
Best chromosome in current generation with value: 142, competence: 266.000:
1, 3, 2, 1, 3, 3, 2, 2, 1, 1, 1, 1, 3, 2, 3, 1, 2, 3, 3, 1, 2, 2, 2, 2, 1, 3, 2, 1, 1, 1, 1, 3, 3, 2, 2, 2, 2, 1, 3, 3
competence values:
266, 267, 277, 272, 258, 268, 275, 273, 270, 266, 262, 271, 273, 263, 279, 275, 273, 267, 278, 261, 268, 274, 280, 280, 273, 280, 279, 275, 258, 269, 273, 279, 279, 268, 273, 277, 279, 273, 272, 268, 261, 274, 275, 270, 275, 279, 277, 263, 274, 275, 274, 267, 274, 267, 269, 274, 282, 274, 273, 278, 268, 273, 279, 258, 267, 277, 260, 267, 258, 268, 273, 280, 267, 276, 263, 257, 274, 279, 255, 265, 271, 274, 279, 272, 265, 255, 267, 277, 267, 268, 274, 277, 276, 268, 260, 267, 270, 267, 265, 279
Number of unique chromosomes (out of 100 chromosomes in total): 79
-----------------------------------------
Overall number of generations created: 260
Number of seconds elapsed: 2.970
The final solution:
m1 : J20(1, 1), J11(2, 1), J25(3, 1), J38(3, 1), J12(4, 1), J16(5, 1), J30(8, 1), J4(14, 1), J9(15, 1), J28(15, 1), J1(16, 1), J31(16, 1), J29(18, 1), J10(20, 1) 	 sum: 140, types: 1
m2 : J3(1, 1), J7(2, 1), J8(4, 1), J36(5, 1), J35(7, 1), J27(8, 1), J22(9, 1), J23(10, 1), J24(10, 1), J21(12, 1), J37(17, 1), J14(18, 1), J17(19, 1), J34(20, 1) 	 sum: 142, types: 1
m3 : J15(3, 1), J26(6, 1), J33(8, 1), J5(9, 1), J18(10, 1), J19(10, 1), J13(11, 1), J32(16, 1), J39(16, 1), J40(16, 1), J2(17, 1), J6(20, 1) 	 sum: 142, types: 1

Objective function's value: max{140, 142, 142} = 142
*Lower bound (not necessarily tight): 142

**output format:
	m_k is the k'th machine.
	J_i(P, T, M) is the i'th job with processing time P, of type T, and is assigned to machine M (marked as '?' when unassigned).