The problem had 40 jobs that needed to be scheduled on 3 machines.
**********************************************************************
printing Initial generation:
Best chromosome in current generation with value: 159, competence: 233.000:
1, 2, 3, 1, 2, 3, 1, 2, 3, 1, 2, 3, 1, 2, 3, 1, 2, 3, 1, 2, 3, 1, 2, 3, 1, 2, 3, 1, 2, 3, 1, 2, 3, 1, 2, 3, 1, 2, 3, 1
competence values:
233, 260, 223, 248, 214, 243, 224, 192, 250, 251, 245, 227, 220, 241, 252, 238, 236, 222, 203, 209, 228, 226, 245, 226, 230, 214, 254, 250, 238, 256, 172, 182, 221, 209, 232, 232, 232, 233, 215, 246, 221, 225, 214, 200, 211, 227, 223, 249, 209, 254, 215, 216, 240, 223, 196, 254, 239, 234, 200, 222, 245, 244, 257, 199, 211, 232, 204, 226, 218, 254, 232, 252, 171, 181, 216, 236, 231, 244, 244, 239, 240, 232, 251, 238, 211, 234, 239, 215, 208, 238, 242, 227, 221, 204, 241, 209, 259, 181, 221, 243
Number of unique chromosomes (out of 100 chromosomes in total): 100
**********************************************************************
New best solution found in generation: 2
Best chromosome in current generation with value: 153, competence: 233.000:
2, 2, 1, 1, 1, 2, 3, 2, 3, 3, 2, 1, 2, 2, 1, 3, 2, 3, 3, 3, 3, 3, 2, 1, 3, 1, 2, 2, 1, 1, 2, 1, 2, 2, 3, 1, 1, 2, 2, 1
competence values:
233, 260, 223, 248, 214, 243, 224, 192, 250, 251, 245, 227, 220, 241, 252, 238, 236, 222, 203, 209, 228, 226, 245, 226, 230, 214, 254, 250, 238, 256, 172, 182, 221, 209, 232, 232, 232, 233, 215, 246, 221, 225, 214, 200, 211, 227, 223, 249, 209, 254, 215, 216, 240, 223, 196, 254, 239, 234, 200, 222, 245, 244, 257, 199, 211, 232, 204, 226, 218, 254, 232, 252, 171, 181, 216, 236, 231, 244, 244, 239, 240, 232, 251, 238, 211, 234, 239, 215, 208, 238, 242, 227, 221, 204, 241, 209, 259, 181, 221, 243
Number of unique chromosomes (out of 100 chromosomes in total): 99
**********************************************************************
New best solution found in generation: 3
Best chromosome in current generation with value: 144, competence: 239.000:
1, 1, 1, 3, 2, 2, 1, 2, 1, 3, 3, 1, 2, 2, 3, 2, 3, 3, 3, 1, 1, 2, 2, 1, 1, 2, 3, 2, 2, 2, 2, 2, 2, 3, 1, 3, 1, 3, 2, 3
competence values:
239, 181, 256, 230, 222, 245, 232, 229, 256, 224, 224, 252, 167, 212, 217, 215, 224, 252, 197, 214, 222, 226, 237, 242, 239, 217, 202, 248, 228, 236, 228, 242, 220, 218, 213, 205, 250, 251, 244, 211, 244, 217, 244, 248, 214, 228, 216, 216, 230, 238, 253, 222, 236, 236, 219, 244, 252, 256, 207, 202, 232, 205, 200, 231, 198, 208, 197, 195, 235, 199, 249, 212, 243, 241, 234, 254, 246, 226, 206, 214, 216, 241, 204, 236, 221, 198, 211, 237, 225, 225, 224, 217, 241, 245, 201, 247, 243, 257, 186, 186
Number of unique chromosomes (out of 100 chromosomes in total): 98
**********************************************************************
New best solution found in generation: 6
Best chromosome in current generation with value: 142, competence: 236.000:
2, 1, 2, 3, 1, 1, 3, 3, 3, 2, 1, 1, 3, 3, 1, 2, 2, 3, 1, 3, 2, 1, 3, 1, 3, 1, 2, 3, 2, 1, 3, 1, 3, 2, 3, 3, 2, 2, 1, 2
competence values:
236, 254, 242, 205, 236, 234, 244, 226, 223, 203, 244, 219, 193, 260, 247, 248, 231, 232, 179, 247, 239, 249, 247, 244, 214, 234, 234, 201, 232, 250, 235, 227, 219, 227, 235, 224, 194, 183, 226, 223, 248, 237, 239, 198, 232, 253, 246, 211, 184, 223, 250, 255, 241, 240, 241, 246, 247, 229, 204, 234, 221, 231, 255, 249, 230, 211, 217, 192, 186, 234, 241, 241, 242, 237, 220, 208, 232, 237, 243, 245, 251, 239, 225, 239, 210, 224, 248, 206, 245, 192, 206, 234, 255, 243, 239, 199, 223, 252, 200, 226
Number of unique chromosomes (out of 100 chromosomes in total): 100
**********************************************************************
New best solution found in generation: 8
Best chromosome in current generation with value: 136, competence: 222.000:
1, 1, 1, 3, 3, 1, 2, 3, 2, 1, 1, 1, 2, 2, 1, 3, 2, 3, 2, 2, 2, 3, 2, 3, 1, 3, 2, 1, 1, 1, 3, 3, 2, 2, 3, 1, 3, 3, 2, 3
competence values:
222, 230, 249, 235, 225, 240, 225, 225, 232, 218, 208, 249, 246, 192, 187, 251, 215, 218, 237, 244, 208, 241, 219, 242, 191, 224, 235, 217, 241, 189, 228, 234, 238, 230, 214, 214, 243, 237, 231, 232, 211, 231, 256, 251, 230, 235, 240, 239, 249, 233, 242, 184, 209, 227, 237, 252, 252, 251, 225, 240, 241, 211, 207, 227, 242, 227, 245, 246, 214, 229, 234, 236, 236, 233, 253, 246, 240, 208, 232, 257, 238, 227, 222, 253, 248, 241, 228, 254, 235, 234, 256, 258, 231, 223, 234, 198, 224, 211, 229, 232
Number of unique chromosomes (out of 100 chromosomes in total): 100
**********************************************************************
Printing generation: 11
Best chromosome in current generation with value: 149, competence: 243.000:
1, 1, 1, 3, 2, 1, 2, 3, 2, 1, 1, 1, 2, 2, 1, 3, 2, 1, 3, 1, 3, 1, 2, 3, 1, 2, 3, 1, 2, 3, 1, 2, 3, 2, 2, 2, 2, 3, 3, 1
competence values:
243, 255, 248, 253, 241, 202, 211, 236, 229, 210, 253, 234, 253, 238, 243, 252, 223, 246, 230, 221, 207, 249, 229, 222, 240, 247, 224, 246, 240, 243, 241, 243, 230, 224, 233, 232, 250, 255, 230, 212, 190, 219, 227, 224, 206, 201, 173, 204, 216, 244, 215, 240, 218, 218, 241, 226, 203, 200, 233, 232, 246, 241, 252, 233, 232, 243, 216, 213, 240, 231, 200, 237, 229, 224, 257, 245, 218, 168, 237, 240, 226, 231, 241, 218, 237, 217, 254, 238, 249, 248, 241, 244, 260, 206, 244, 215, 242, 213, 222, 230
Number of unique chromosomes (out of 100 chromosomes in total): 98
**********************************************************************
Printing generation: 21
Best chromosome in current generation with value: 160, competence: 222.000:
3, 1, 3, 2, 1, 3, 3, 2, 2, 1, 3, 3, 3, 3, 3, 1, 3, 1, 3, 1, 1, 2, 1, 2, 1, 2, 2, 1, 1, 1, 3, 1, 3, 3, 1, 1, 3, 3, 3, 3
competence values:
222, 251, 255, 235, 243, 217, 238, 226, 236, 242, 239, 221, 229, 203, 220, 251, 240, 224, 224, 222, 231, 242, 223, 227, 237, 251, 254, 239, 234, 233, 235, 255, 249, 232, 234, 244, 215, 254, 249, 237, 248, 244, 239, 249, 245, 204, 233, 197, 258, 238, 253, 240, 250, 237, 225, 219, 238, 241, 250, 243, 222, 234, 223, 228, 232, 241, 221, 255, 232, 256, 228, 218, 234, 254, 253, 230, 230, 237, 228, 224, 246, 237, 227, 254, 246, 207, 251, 251, 259, 211, 260, 239, 252, 244, 212, 221, 226, 253, 233, 217
Number of unique chromosomes (out of 100 chromosomes in total): 99
**********************************************************************
Printing generation: 31
Best chromosome in current generation with value: 157, competence: 223.000:
1, 1, 3, 2, 2, 2, 3, 1, 1, 1, 3, 3, 1, 2, 1, 2, 2, 3, 3, 3, 3, 3, 2, 1, 1, 3, 2, 1, 1, 3, 1, 3, 2, 2, 3, 1, 3, 3, 2, 3
competence values:
223, 236, 244, 241, 173, 220, 222, 212, 241, 228, 219, 253, 235, 245, 226, 221, 216, 222, 211, 228, 234, 235, 230, 253, 255, 232, 252, 227, 173, 234, 241, 250, 246, 252, 185, 226, 224, 254, 239, 251, 213, 236, 238, 229, 229, 238, 240, 251, 202, 244, 256, 250, 216, 220, 228, 224, 207, 248, 248, 248, 245, 223, 245, 240, 239, 232, 232, 233, 206, 230, 253, 238, 240, 234, 240, 241, 243, 245, 255, 231, 253, 253, 224, 245, 213, 224, 199, 253, 229, 242, 187, 255, 225, 228, 239, 248, 255, 163, 256, 178
Number of unique chromosomes (out of 100 chromosomes in total): 97
**********************************************************************
New best solution found in generation: 36
Best chromosome in current generation with value: 132, competence: 241.000:
2, 1, 2, 2, 2, 1, 2, 2, 3, 1, 1, 1, 1, 3, 1, 3, 2, 1, 3, 3, 1, 1, 2, 3, 1, 3, 3, 3, 1, 1, 2, 3, 2, 2, 3, 1, 2, 2, 3, 3
competence values:
241, 239, 233, 207, 244, 228, 233, 258, 244, 235, 235, 214, 239, 229, 251, 245, 229, 198, 247, 212, 233, 260, 216, 249, 233, 251, 234, 216, 252, 236, 231, 244, 249, 218, 228, 232, 238, 207, 253, 221, 235, 212, 237, 243, 249, 210, 247, 204, 198, 236, 245, 243, 251, 206, 249, 214, 254, 223, 248, 244, 236, 206, 227, 247, 206, 241, 245, 237, 256, 227, 225, 204, 249, 227, 228, 234, 195, 216, 239, 256, 250, 216, 238, 218, 241, 188, 246, 246, 249, 251, 233, 238, 254, 252, 257, 203, 236, 228, 243, 249
Number of unique chromosomes (out of 100 chromosomes in total): 96
**********************************************************************
Printing generation: 41
Best chromosome in current generation with value: 140, competence: 239.000:
3, 1, 3, 2, 1, 3, 2, 2, 3, 2, 1, 1, 3, 2, 1, 3, 2, 1, 3, 3, 2, 3, 2, 1, 3, 1, 1, 1, 2, 3, 1, 3, 2, 2, 1, 2, 3, 2, 3, 3
competence values:
239, 255, 233, 253, 237, 243, 244, 237, 240, 252, 191, 243, 228, 234, 230, 254, 259, 203, 249, 241, 257, 256, 255, 238, 241, 237, 250, 238, 255, 242, 239, 236, 242, 252, 236, 255, 256, 248, 244, 222, 241, 239, 242, 243, 232, 243, 250, 254, 255, 255, 241, 221, 235, 253, 228, 242, 253, 237, 229, 247, 252, 245, 250, 250, 253, 252, 240, 254, 225, 229, 246, 247, 240, 242, 228, 249, 235, 249, 252, 249, 249, 220, 260, 228, 252, 228, 242, 230, 239, 243, 208, 245, 242, 246, 260, 235, 251, 224, 240, 218
Number of unique chromosomes (out of 100 chromosomes in total): 99
**********************************************************************
Printing generation: 51
Best chromosome in current generation with value: 160, competence: 237.000:
2, 1, 2, 3, 2, 2, 2, 2, 2, 1, 3, 1, 2, 3, 1, 2, 2, 2, 3, 2, 2, 3, 2, 3, 3, 1, 1, 1, 2, 3, 1, 3, 2, 2, 1, 2, 3, 3, 1, 3
competence values:
237, 249, 258, 239, 217, 234, 228, 236, 230, 254, 241, 225, 236, 255, 240, 230, 247, 254, 235, 233, 246, 227, 228, 239, 225, 237, 251, 251, 247, 248, 251, 228, 236, 255, 251, 257, 243, 256, 225, 251, 229, 246, 236, 250, 255, 248, 246, 238, 240, 235, 239, 229, 218, 253, 206, 249, 221, 238, 230, 252, 237, 242, 231, 233, 231, 226, 248, 236, 239, 247, 239, 247, 234, 250, 245, 250, 252, 245, 250, 248, 210, 245, 236, 234, 253, 234, 235, 236, 246, 247, 240, 223, 222, 236, 231, 233, 238, 202, 249, 245
Number of unique chromosomes (out of 100 chromosomes in total): 93
**********************************************************************
Printing generation: 61
Best chromosome in current generation with value: 172, competence: 236.000:
3, 1, 3, 2, 3, 1, 2, 3, 3, 1, 1, 1, 1, 3, 1, 2, 3, 1, 3, 3, 2, 3, 3, 1, 1, 2, 3, 1, 2, 3, 1, 3, 2, 2, 3, 2, 3, 2, 2, 3
competence values:
236, 236, 226, 254, 228, 243, 254, 226, 243, 255, 249, 241, 242, 247, 246, 249, 249, 223, 214, 215, 233, 249, 250, 251, 241, 243, 239, 248, 228, 231, 240, 258, 240, 243, 233, 232, 245, 244, 246, 249, 234, 252, 249, 246, 229, 212, 255, 228, 259, 251, 235, 214, 250, 244, 256, 255, 239, 231, 234, 247, 243, 235, 256, 258, 252, 240, 249, 250, 235, 239, 243, 249, 214, 252, 257, 220, 231, 250, 232, 234, 252, 240, 229, 237, 259, 236, 250, 224, 234, 252, 223, 248, 249, 251, 207, 249, 227, 253, 242, 237
Number of unique chromosomes (out of 100 chromosomes in total): 98
**********************************************************************
Printing generation: 71
Best chromosome in current generation with value: 138, competence: 238.000:
3, 1, 3, 2, 1, 3, 2, 3, 2, 1, 3, 3, 3, 3, 1, 2, 2, 3, 3, 3, 3, 1, 2, 1, 3, 1, 3, 1, 2, 3, 1, 3, 2, 2, 1, 2, 2, 3, 3, 3
competence values:
238, 247, 231, 233, 247, 257, 241, 238, 244, 231, 237, 236, 217, 251, 250, 246, 257, 233, 243, 210, 231, 249, 240, 253, 226, 259, 220, 248, 252, 253, 205, 240, 255, 226, 246, 246, 214, 259, 237, 245, 247, 248, 223, 240, 254, 245, 234, 216, 252, 248, 252, 254, 251, 246, 256, 249, 180, 180, 244, 237, 259, 224, 242, 240, 227, 247, 232, 226, 238, 236, 243, 240, 243, 245, 248, 241, 237, 224, 246, 214, 224, 244, 220, 233, 237, 252, 240, 241, 253, 236, 246, 254, 236, 238, 248, 246, 228, 245, 247, 241
Number of unique chromosomes (out of 100 chromosomes in total): 94
**********************************************************************
Printing generation: 81
Best chromosome in current generation with value: 170, competence: 239.000:
3, 1, 2, 2, 3, 1, 2, 3, 2, 1, 3, 3, 3, 3, 1, 2, 3, 1, 3, 2, 2, 1, 2, 3, 3, 1, 3, 1, 2, 3, 1, 3, 2, 2, 3, 1, 3, 3, 3, 3
competence values:
239, 257, 246, 259, 249, 232, 242, 235, 239, 232, 239, 236, 220, 251, 254, 242, 250, 245, 246, 214, 230, 220, 259, 243, 243, 255, 220, 252, 233, 207, 250, 250, 250, 259, 237, 224, 253, 234, 242, 245, 252, 237, 255, 226, 234, 248, 247, 237, 234, 240, 237, 247, 203, 233, 246, 259, 233, 220, 232, 256, 246, 245, 247, 249, 237, 245, 255, 248, 241, 242, 246, 254, 235, 243, 251, 251, 253, 253, 253, 234, 230, 240, 242, 228, 251, 240, 229, 233, 249, 232, 238, 238, 258, 249, 240, 227, 248, 217, 258, 238
Number of unique chromosomes (out of 100 chromosomes in total): 95
**********************************************************************
Printing generation: 91
Best chromosome in current generation with value: 179, competence: 242.000:
3, 2, 3, 2, 3, 3, 3, 2, 3, 2, 1, 3, 1, 3, 1, 1, 3, 1, 3, 3, 2, 1, 2, 3, 3, 1, 3, 1, 2, 3, 1, 3, 2, 2, 3, 2, 3, 3, 2, 3
competence values:
242, 227, 246, 251, 239, 226, 246, 244, 250, 250, 240, 246, 230, 241, 252, 252, 258, 247, 246, 255, 237, 238, 234, 234, 222, 243, 248, 240, 245, 251, 239, 253, 249, 228, 213, 233, 248, 239, 256, 250, 238, 233, 246, 234, 234, 239, 244, 243, 237, 244, 253, 243, 245, 250, 251, 256, 249, 237, 250, 243, 231, 248, 252, 252, 257, 252, 253, 235, 249, 221, 255, 239, 254, 254, 253, 253, 228, 258, 253, 238, 241, 233, 253, 257, 247, 241, 226, 238, 242, 235, 231, 226, 217, 252, 248, 246, 219, 247, 251, 245
Number of unique chromosomes (out of 100 chromosomes in total): 95
**********************************************************************
Printing generation: 101
Best chromosome in current generation with value: 155, competence: 255.000:
2, 1, 3, 2, 1, 3, 3, 2, 1, 1, 3, 3, 3, 3, 1, 2, 3, 1, 3, 3, 2, 1, 2, 3, 3, 1, 1, 1, 1, 2, 1, 3, 2, 2, 1, 2, 3, 3, 3, 3
competence values:
255, 241, 246, 256, 238, 248, 247, 233, 235, 236, 249, 253, 253, 251, 239, 243, 232, 251, 245, 240, 251, 243, 240, 241, 211, 243, 241, 254, 245, 257, 236, 222, 239, 246, 243, 249, 241, 247, 241, 250, 248, 249, 245, 243, 241, 234, 240, 258, 256, 238, 246, 253, 238, 243, 253, 256, 239, 257, 253, 243, 256, 240, 251, 243, 235, 235, 250, 221, 243, 254, 245, 250, 250, 211, 255, 252, 255, 231, 235, 237, 219, 249, 253, 247, 250, 245, 250, 230, 253, 224, 238, 251, 246, 245, 258, 252, 240, 240, 255, 251
Number of unique chromosomes (out of 100 chromosomes in total): 95
**********************************************************************
Printing generation: 111
Best chromosome in current generation with value: 145, competence: 222.000:
2, 2, 3, 2, 3, 3, 3, 2, 2, 2, 1, 3, 1, 3, 1, 2, 3, 1, 3, 3, 2, 1, 2, 3, 1, 1, 3, 1, 1, 2, 1, 3, 2, 2, 3, 2, 3, 3, 2, 3
competence values:
222, 237, 250, 240, 239, 240, 222, 236, 244, 231, 237, 254, 257, 251, 255, 250, 249, 251, 255, 246, 245, 248, 247, 247, 246, 240, 250, 248, 252, 256, 247, 247, 254, 252, 244, 253, 224, 239, 237, 252, 238, 213, 243, 253, 246, 240, 249, 238, 238, 245, 249, 247, 244, 242, 242, 241, 252, 238, 237, 227, 246, 236, 226, 248, 255, 242, 240, 243, 256, 251, 242, 248, 250, 242, 254, 247, 252, 251, 247, 236, 256, 254, 241, 246, 231, 252, 252, 217, 236, 248, 219, 237, 242, 245, 257, 241, 236, 228, 257, 241
Number of unique chromosomes (out of 100 chromosomes in total): 93
**********************************************************************
Printing generation: 121
Best chromosome in current generation with value: 155, competence: 234.000:
2, 2, 3, 2, 3, 3, 3, 1, 1, 1, 1, 3, 1, 3, 1, 2, 3, 1, 3, 3, 2, 1, 2, 3, 3, 1, 3, 1, 1, 3, 1, 3, 2, 2, 1, 1, 3, 3, 3, 3
competence values:
234, 226, 234, 239, 229, 233, 245, 245, 212, 249, 227, 237, 213, 251, 251, 250, 245, 253, 237, 234, 250, 247, 242, 255, 247, 252, 255, 252, 248, 249, 239, 242, 234, 242, 236, 257, 245, 234, 235, 253, 229, 223, 259, 246, 242, 254, 244, 224, 240, 239, 245, 256, 242, 238, 258, 253, 245, 252, 257, 248, 236, 237, 231, 231, 244, 253, 245, 249, 240, 240, 235, 229, 249, 242, 244, 252, 226, 251, 237, 239, 229, 243, 242, 234, 248, 242, 255, 250, 244, 242, 252, 242, 247, 253, 250, 239, 249, 245, 250, 213
Number of unique chromosomes (out of 100 chromosomes in total): 96
**********************************************************************
Printing generation: 131
Best chromosome in current generation with value: 146, competence: 236.000:
2, 2, 3, 2, 3, 3, 2, 2, 2, 2, 1, 3, 3, 3, 1, 2, 3, 1, 3, 3, 2, 1, 2, 3, 3, 3, 3, 1, 1, 2, 1, 3, 2, 2, 1, 2, 3, 3, 2, 3
competence values:
236, 227, 245, 255, 236, 249, 241, 253, 249, 248, 254, 249, 254, 244, 239, 245, 252, 242, 242, 258, 248, 245, 244, 245, 241, 241, 246, 250, 239, 253, 235, 245, 251, 239, 253, 255, 244, 250, 244, 241, 244, 251, 225, 240, 247, 246, 246, 243, 244, 244, 253, 252, 235, 252, 244, 241, 247, 248, 252, 239, 247, 239, 238, 244, 241, 253, 252, 233, 247, 244, 251, 231, 241, 241, 254, 239, 246, 239, 252, 254, 245, 248, 244, 244, 239, 235, 246, 246, 260, 236, 244, 244, 244, 247, 252, 249, 251, 246, 231, 247
Number of unique chromosomes (out of 100 chromosomes in total): 91
**********************************************************************
Printing generation: 141
Best chromosome in current generation with value: 146, competence: 249.000:
2, 1, 3, 2, 3, 3, 3, 2, 2, 2, 1, 3, 3, 3, 1, 2, 3, 1, 3, 3, 2, 1, 2, 3, 3, 3, 3, 1, 1, 3, 1, 3, 2, 2, 2, 2, 3, 3, 2, 3
competence values:
249, 254, 249, 242, 235, 259, 256, 254, 231, 249, 238, 247, 242, 246, 259, 239, 237, 253, 240, 255, 245, 244, 255, 253, 243, 247, 244, 249, 228, 239, 254, 250, 248, 236, 246, 248, 239, 242, 239, 252, 229, 247, 248, 244, 247, 245, 247, 254, 223, 243, 254, 254, 253, 232, 228, 243, 242, 252, 244, 245, 246, 230, 229, 252, 228, 243, 243, 246, 246, 238, 242, 239, 242, 249, 245, 239, 235, 240, 249, 250, 249, 254, 234, 244, 230, 244, 234, 233, 249, 237, 248, 243, 245, 253, 255, 248, 239, 231, 227, 254
Number of unique chromosomes (out of 100 chromosomes in total): 92
**********************************************************************
Printing generation: 151
Best chromosome in current generation with value: 146, competence: 219.000:
2, 1, 3, 1, 3, 3, 3, 2, 1, 2, 1, 3, 1, 3, 1, 2, 2, 2, 3, 3, 2, 1, 2, 3, 3, 1, 3, 1, 1, 3, 1, 3, 2, 2, 3, 2, 3, 3, 2, 3
competence values:
219, 254, 243, 249, 238, 252, 234, 239, 257, 219, 244, 224, 258, 249, 244, 239, 242, 224, 239, 249, 219, 253, 250, 239, 228, 229, 229, 242, 255, 245, 224, 244, 245, 250, 249, 240, 239, 244, 252, 229, 249, 248, 249, 229, 242, 238, 250, 244, 252, 239, 246, 246, 259, 250, 249, 250, 250, 243, 244, 250, 249, 255, 246, 226, 244, 234, 247, 245, 244, 236, 241, 245, 244, 249, 251, 243, 245, 258, 254, 229, 245, 246, 252, 248, 231, 244, 245, 238, 244, 240, 251, 248, 250, 254, 252, 245, 248, 249, 236, 247
Number of unique chromosomes (out of 100 chromosomes in total): 95
**********************************************************************
Printing generation: 161
Best chromosome in current generation with value: 139, competence: 258.000:
2, 2, 3, 2, 3, 3, 3, 2, 2, 2, 1, 3, 1, 1, 1, 2, 3, 1, 3, 3, 2, 1, 2, 3, 3, 1, 3, 1, 1, 3, 1, 3, 2, 2, 1, 1, 3, 3, 3, 3
competence values:
258, 243, 245, 248, 254, 258, 234, 229, 237, 219, 258, 245, 243, 234, 251, 251, 239, 247, 213, 253, 237, 255, 258, 245, 253, 245, 247, 213, 234, 238, 253, 239, 243, 247, 249, 257, 229, 237, 234, 253, 240, 234, 245, 239, 224, 224, 255, 242, 253, 258, 224, 219, 251, 248, 254, 235, 239, 247, 254, 247, 242, 252, 231, 247, 259, 238, 235, 254, 238, 215, 258, 219, 238, 229, 253, 243, 229, 245, 248, 245, 253, 254, 254, 247, 234, 234, 258, 253, 215, 254, 242, 219, 222, 254, 253, 254, 231, 254, 243, 250
Number of unique chromosomes (out of 100 chromosomes in total): 81
**********************************************************************
Printing generation: 171
Best chromosome in current generation with value: 152, competence: 251.000:
2, 2, 3, 1, 3, 3, 3, 2, 2, 2, 1, 3, 1, 3, 1, 2, 3, 2, 3, 3, 2, 1, 2, 3, 3, 1, 3, 1, 1, 2, 1, 3, 2, 2, 3, 1, 3, 3, 3, 3
competence values:
251, 244, 216, 218, 253, 249, 249, 249, 249, 242, 254, 240, 240, 242, 257, 245, 250, 253, 250, 259, 239, 249, 244, 254, 256, 253, 229, 253, 234, 240, 240, 244, 226, 244, 232, 253, 249, 250, 231, 240, 252, 240, 243, 216, 254, 236, 258, 239, 261, 251, 240, 249, 240, 239, 255, 254, 244, 259, 236, 240, 253, 259, 253, 240, 245, 229, 261, 254, 250, 240, 246, 249, 248, 235, 221, 253, 249, 257, 246, 254, 248, 240, 245, 249, 255, 244, 252, 254, 251, 259, 242, 249, 244, 240, 249, 251, 243, 252, 231, 239
Number of unique chromosomes (out of 100 chromosomes in total): 78
**********************************************************************
Printing generation: 181
Best chromosome in current generation with value: 139, competence: 250.000:
2, 2, 3, 2, 3, 3, 3, 2, 2, 2, 1, 3, 1, 3, 1, 2, 3, 1, 3, 3, 2, 1, 2, 3, 3, 3, 3, 1, 1, 2, 1, 3, 2, 2, 1, 1, 3, 3, 3, 3
competence values:
250, 259, 239, 249, 255, 254, 249, 254, 254, 249, 249, 244, 245, 253, 249, 239, 253, 250, 240, 240, 253, 258, 249, 253, 254, 258, 258, 258, 253, 248, 249, 240, 235, 259, 259, 231, 254, 255, 258, 254, 253, 258, 245, 252, 253, 257, 249, 259, 255, 248, 248, 253, 253, 249, 249, 240, 245, 257, 248, 252, 240, 253, 249, 249, 258, 245, 249, 239, 252, 258, 253, 254, 235, 248, 253, 259, 255, 255, 234, 249, 255, 253, 238, 254, 249, 255, 250, 249, 253, 253, 249, 235, 231, 240, 241, 245, 254, 238, 253, 253
Number of unique chromosomes (out of 100 chromosomes in total): 56
**********************************************************************
Printing generation: 191
Best chromosome in current generation with value: 138, competence: 244.000:
2, 2, 3, 2, 3, 3, 3, 2, 2, 2, 1, 3, 1, 3, 1, 2, 3, 1, 3, 3, 2, 1, 2, 3, 3, 1, 3, 1, 1, 3, 1, 3, 2, 2, 1, 1, 3, 3, 2, 3
competence values:
244, 254, 255, 254, 258, 258, 249, 254, 257, 255, 249, 259, 248, 259, 254, 249, 254, 249, 246, 240, 245, 249, 251, 254, 245, 249, 255, 259, 259, 259, 246, 249, 225, 240, 249, 254, 249, 254, 225, 256, 254, 245, 246, 245, 231, 255, 253, 239, 257, 249, 249, 249, 258, 254, 253, 248, 259, 258, 254, 255, 253, 254, 249, 253, 254, 254, 249, 245, 249, 248, 256, 253, 249, 255, 231, 244, 254, 239, 249, 249, 249, 249, 254, 254, 254, 259, 245, 248, 240, 254, 254, 249, 253, 254, 248, 249, 249, 225, 225, 245
Number of unique chromosomes (out of 100 chromosomes in total): 44
**********************************************************************
Printing generation: 201
Best chromosome in current generation with value: 138, competence: 237.000:
2, 2, 3, 2, 3, 3, 3, 2, 2, 2, 1, 3, 1, 3, 1, 2, 3, 1, 3, 3, 2, 1, 2, 3, 3, 1, 3, 1, 1, 3, 1, 3, 2, 2, 1, 1, 3, 3, 2, 3
competence values:
237, 226, 253, 242, 249, 248, 259, 254, 249, 243, 253, 249, 253, 238, 239, 255, 259, 248, 254, 249, 255, 251, 248, 242, 249, 254, 254, 249, 254, 249, 254, 248, 254, 254, 248, 248, 240, 249, 254, 253, 254, 254, 254, 254, 249, 254, 249, 254, 249, 243, 254, 259, 249, 259, 254, 259, 253, 243, 254, 248, 244, 249, 255, 254, 240, 249, 245, 258, 255, 249, 249, 249, 249, 253, 245, 255, 249, 254, 243, 248, 254, 249, 254, 254, 249, 249, 254, 249, 229, 248, 254, 254, 259, 246, 249, 244, 254, 254, 249, 244
Number of unique chromosomes (out of 100 chromosomes in total): 45
**********************************************************************
Printing generation: 211
Best chromosome in current generation with value: 136, competence: 258.000:
2, 2, 1, 2, 3, 3, 3, 2, 2, 2, 1, 3, 1, 3, 1, 2, 3, 2, 3, 3, 2, 1, 2, 3, 3, 1, 3, 1, 1, 3, 1, 3, 2, 2, 1, 1, 3, 3, 2, 3
competence values:
258, 249, 249, 244, 249, 254, 249, 254, 244, 255, 253, 253, 253, 248, 240, 249, 258, 248, 248, 248, 248, 253, 258, 248, 238, 254, 260, 253, 255, 254, 249, 249, 253, 240, 254, 248, 253, 253, 248, 254, 254, 248, 253, 254, 254, 248, 248, 254, 255, 249, 248, 258, 256, 258, 237, 254, 254, 259, 249, 253, 244, 253, 259, 253, 250, 254, 255, 254, 259, 254, 249, 248, 254, 252, 254, 249, 259, 242, 253, 249, 255, 253, 259, 249, 258, 253, 250, 254, 249, 254, 253, 248, 249, 255, 254, 248, 254, 259, 237, 254
Number of unique chromosomes (out of 100 chromosomes in total): 53
**********************************************************************
Printing generation: 221
Best chromosome in current generation with value: 132, competence: 249.000:
2, 2, 1, 2, 3, 3, 3, 2, 2, 2, 1, 3, 1, 3, 1, 2, 3, 1, 3, 3, 2, 1, 2, 3, 3, 1, 3, 1, 1, 2, 1, 3, 2, 2, 1, 1, 3, 3, 2, 3
competence values:
249, 248, 259, 254, 254, 255, 253, 253, 249, 259, 249, 254, 249, 258, 249, 258, 248, 252, 237, 253, 254, 259, 247, 248, 259, 243, 254, 248, 260, 258, 255, 259, 242, 255, 258, 254, 249, 253, 254, 260, 252, 247, 249, 248, 254, 259, 248, 259, 254, 253, 248, 248, 260, 248, 251, 247, 254, 257, 256, 252, 248, 259, 254, 248, 254, 259, 254, 259, 249, 248, 254, 254, 253, 260, 259, 259, 248, 253, 243, 254, 248, 253, 256, 260, 252, 254, 243, 254, 253, 259, 249, 252, 253, 254, 254, 254, 244, 248, 254, 237
Number of unique chromosomes (out of 100 chromosomes in total): 56
**********************************************************************
Printing generation: 231
Best chromosome in current generation with value: 134, competence: 248.000:
2, 2, 3, 2, 3, 3, 3, 2, 2, 2, 1, 3, 1, 3, 1, 2, 3, 1, 3, 3, 2, 1, 2, 3, 3, 3, 3, 1, 1, 2, 1, 3, 2, 2, 1, 1, 3, 3, 2, 3
competence values:
248, 255, 253, 254, 254, 259, 258, 258, 259, 249, 254, 253, 259, 254, 259, 254, 253, 254, 258, 251, 259, 258, 254, 259, 249, 254, 248, 249, 249, 259, 259, 259, 259, 254, 248, 252, 259, 254, 254, 251, 253, 259, 254, 249, 259, 249, 257, 254, 259, 249, 258, 253, 258, 248, 249, 258, 253, 254, 259, 253, 254, 259, 254, 252, 259, 258, 259, 260, 259, 254, 255, 254, 259, 259, 256, 249, 254, 254, 254, 248, 254, 259, 252, 259, 254, 254, 256, 247, 254, 253, 254, 249, 254, 259, 258, 256, 254, 259, 258, 259
Number of unique chromosomes (out of 100 chromosomes in total): 44
**********************************************************************
Printing generation: 241
Best chromosome in current generation with value: 138, competence: 254.000:
2, 2, 3, 2, 3, 3, 3, 2, 2, 2, 1, 3, 1, 3, 1, 2, 3, 1, 3, 3, 2, 1, 2, 3, 3, 2, 3, 1, 1, 2, 1, 3, 2, 2, 1, 1, 3, 3, 3, 3
competence values:
254, 243, 259, 254, 254, 249, 254, 249, 246, 254, 242, 255, 259, 259, 248, 255, 249, 254, 259, 258, 248, 248, 249, 260, 239, 258, 253, 243, 249, 259, 259, 258, 243, 258, 253, 247, 244, 258, 254, 259, 237, 259, 249, 249, 243, 247, 258, 243, 248, 247, 258, 254, 258, 253, 260, 259, 249, 249, 258, 249, 253, 249, 249, 254, 256, 253, 259, 253, 254, 259, 247, 248, 250, 259, 259, 249, 239, 253, 249, 258, 259, 252, 254, 253, 252, 253, 249, 259, 249, 254, 249, 259, 249, 252, 255, 260, 243, 253, 253, 248
Number of unique chromosomes (out of 100 chromosomes in total): 49
**********************************************************************
Printing generation: 251
Best chromosome in current generation with value: 133, competence: 259.000:
2, 2, 3, 2, 3, 3, 3, 2, 2, 2, 1, 3, 1, 3, 1, 2, 3, 1, 3, 3, 2, 1, 2, 3, 3, 1, 3, 1, 1, 2, 1, 1, 2, 3, 1, 1, 2, 3, 3, 3
competence values:
259, 258, 259, 254, 249, 248, 250, 244, 254, 254, 255, 253, 252, 254, 254, 249, 253, 254, 254, 258, 249, 253, 249, 248, 254, 250, 246, 254, 249, 254, 249, 253, 249, 254, 249, 249, 254, 251, 248, 254, 249, 259, 254, 248, 258, 251, 257, 244, 249, 248, 253, 254, 253, 259, 254, 258, 256, 254, 253, 259, 259, 247, 248, 259, 249, 260, 248, 244, 255, 249, 248, 249, 253, 249, 256, 254, 245, 259, 254, 259, 259, 249, 248, 254, 246, 259, 248, 260, 259, 255, 254, 249, 254, 248, 259, 260, 253, 253, 235, 248
Number of unique chromosomes (out of 100 chromosomes in total): 59
**********************************************************************
Printing generation: 261
Best chromosome in current generation with value: 149, competence: 259.000:
2, 2, 3, 2, 3, 3, 3, 2, 2, 2, 1, 3, 1, 3, 1, 2, 3, 2, 3, 3, 2, 2, 2, 3, 3, 2, 3, 1, 1, 2, 1, 3, 2, 2, 1, 1, 3, 3, 3, 3
competence values:
259, 256, 254, 258, 254, 249, 253, 254, 257, 247, 258, 254, 249, 254, 254, 238, 254, 254, 259, 254, 254, 247, 249, 252, 253, 255, 254, 253, 248, 245, 256, 249, 249, 259, 256, 245, 236, 258, 253, 257, 252, 249, 256, 254, 254, 256, 259, 259, 254, 254, 254, 259, 249, 254, 258, 247, 235, 254, 254, 257, 255, 254, 254, 249, 249, 257, 256, 236, 249, 241, 236, 254, 254, 242, 243, 259, 254, 253, 254, 249, 247, 258, 254, 249, 251, 254, 249, 254, 259, 247, 259, 242, 257, 253, 252, 249, 256, 245, 249, 254
Number of unique chromosomes (out of 100 chromosomes in total): 44
**********************************************************************
Printing generation: 271
Best chromosome in current generation with value: 141, competence: 249.000:
2, 2, 3, 2, 3, 3, 3, 2, 2, 2, 1, 3, 1, 3, 1, 2, 3, 2, 3, 3, 2, 3, 2, 3, 3, 2, 3, 1, 1, 2, 1, 3, 2, 2, 1, 1, 1, 3, 3, 3
competence values:
249, 253, 254, 248, 253, 254, 237, 256, 249, 254, 235, 244, 256, 249, 234, 254, 251, 246, 246, 245, 254, 256, 251, 250, 249, 255, 259, 259, 256, 251, 249, 253, 254, 233, 241, 251, 253, 254, 249, 256, 253, 232, 247, 248, 254, 254, 254, 254, 249, 254, 246, 254, 256, 254, 256, 249, 254, 254, 254, 233, 254, 254, 254, 248, 251, 254, 250, 254, 244, 249, 254, 254, 235, 254, 256, 243, 249, 254, 245, 256, 259, 250, 254, 254, 251, 257, 238, 244, 244, 254, 249, 249, 254, 254, 254, 255, 251, 254, 232, 254
Number of unique chromosomes (out of 100 chromosomes in total): 55
**********************************************************************
Printing generation: 281
Best chromosome in current generation with value: 142, competence: 250.000:
2, 2, 3, 2, 3, 3, 3, 2, 2, 2, 2, 3, 1, 3, 1, 2, 3, 1, 3, 3, 2, 1, 2, 3, 3, 2, 3, 1, 1, 2, 1, 3, 2, 2, 1, 1, 3, 3, 3, 3
competence values:
250, 257, 254, 256, 258, 251, 254, 254, 254, 254, 254, 244, 254, 253, 250, 249, 254, 249, 249, 256, 251, 250, 249, 254, 254, 256, 256, 246, 255, 254, 256, 254, 257, 254, 254, 250, 254, 251, 254, 254, 254, 244, 244, 249, 254, 244, 249, 254, 239, 254, 249, 254, 249, 254, 253, 249, 249, 256, 254, 254, 254, 249, 254, 254, 249, 256, 245, 246, 244, 250, 251, 254, 249, 254, 249, 255, 254, 254, 254, 254, 250, 249, 255, 254, 256, 251, 251, 256, 254, 246, 249, 254, 254, 249, 249, 256, 256, 244, 258, 258
Number of unique chromosomes (out of 100 chromosomes in total): 43
**********************************************************************
Printing generation: 291
Best chromosome in current generation with value: 141, competence: 255.000:
2, 2, 3, 2, 3, 3, 3, 2, 2, 2, 1, 3, 2, 3, 1, 2, 3, 1, 3, 3, 2, 1, 2, 3, 3, 1, 3, 1, 1, 2, 1, 3, 2, 2, 1, 2, 3, 3, 3, 3
competence values:
255, 240, 253, 249, 246, 254, 247, 254, 249, 247, 246, 254, 254, 254, 249, 256, 254, 255, 247, 256, 256, 256, 254, 256, 254, 254, 247, 254, 254, 254, 248, 254, 256, 254, 256, 251, 256, 254, 247, 254, 254, 251, 254, 237, 254, 256, 247, 225, 246, 237, 254, 256, 247, 249, 237, 256, 254, 231, 247, 254, 241, 256, 254, 254, 244, 251, 257, 253, 249, 256, 256, 254, 256, 244, 256, 254, 255, 254, 256, 256, 251, 254, 247, 254, 254, 256, 256, 244, 256, 256, 254, 251, 249, 256, 256, 247, 254, 247, 257, 254
Number of unique chromosomes (out of 100 chromosomes in total): 48
**********************************************************************
Printing generation: 301
Best chromosome in current generation with value: 136, competence: 242.000:
2, 2, 2, 2, 3, 3, 3, 2, 2, 2, 1, 3, 1, 3, 1, 2, 3, 1, 3, 3, 1, 1, 2, 3, 3, 1, 3, 1, 1, 2, 1, 3, 2, 2, 1, 1, 3, 3, 3, 3
competence values:
242, 241, 256, 240, 250, 254, 256, 256, 242, 242, 255, 250, 255, 249, 256, 257, 254, 252, 257, 254, 253, 254, 254, 251, 255, 245, 259, 255, 250, 250, 254, 254, 254, 249, 245, 240, 241, 253, 257, 257, 256, 256, 254, 254, 255, 255, 254, 255, 255, 253, 259, 253, 255, 249, 247, 252, 254, 254, 241, 253, 254, 252, 250, 255, 256, 258, 256, 255, 253, 254, 256, 240, 256, 258, 253, 256, 248, 255, 252, 259, 257, 253, 253, 255, 250, 254, 250, 250, 254, 257, 248, 250, 254, 256, 256, 256, 249, 255, 254, 250
Number of unique chromosomes (out of 100 chromosomes in total): 58
**********************************************************************
Printing generation: 311
Best chromosome in current generation with value: 152, competence: 256.000:
2, 2, 3, 2, 3, 3, 3, 2, 2, 2, 1, 3, 1, 3, 1, 2, 3, 2, 3, 3, 2, 1, 2, 3, 3, 1, 3, 1, 1, 2, 1, 3, 2, 2, 3, 1, 3, 3, 3, 3
competence values:
256, 244, 256, 256, 256, 256, 254, 255, 256, 254, 240, 256, 247, 254, 249, 255, 249, 257, 256, 256, 255, 248, 240, 256, 251, 250, 254, 249, 257, 256, 256, 247, 256, 252, 242, 240, 256, 257, 250, 244, 254, 248, 254, 252, 256, 255, 242, 255, 255, 249, 255, 247, 255, 240, 257, 248, 253, 255, 249, 242, 254, 250, 258, 258, 256, 258, 257, 257, 247, 255, 256, 249, 257, 254, 255, 254, 256, 254, 249, 257, 256, 254, 240, 242, 254, 257, 260, 250, 255, 255, 256, 256, 257, 257, 257, 254, 256, 256, 256, 244
Number of unique chromosomes (out of 100 chromosomes in total): 57
**********************************************************************
Printing generation: 321
Best chromosome in current generation with value: 141, competence: 244.000:
2, 2, 3, 2, 3, 3, 3, 2, 2, 2, 1, 3, 1, 3, 1, 2, 3, 1, 3, 3, 2, 1, 2, 3, 3, 1, 3, 1, 1, 2, 1, 3, 2, 2, 2, 1, 3, 3, 3, 3
competence values:
244, 245, 257, 256, 249, 249, 256, 252, 254, 256, 256, 251, 252, 256, 250, 256, 247, 257, 248, 256, 249, 254, 249, 257, 247, 250, 250, 256, 256, 256, 254, 251, 256, 259, 256, 256, 255, 256, 256, 251, 256, 256, 254, 256, 252, 249, 257, 255, 252, 257, 256, 256, 256, 242, 257, 252, 254, 256, 252, 247, 256, 257, 251, 256, 251, 254, 249, 257, 257, 249, 256, 250, 249, 249, 256, 249, 250, 257, 256, 254, 247, 254, 253, 254, 256, 254, 257, 256, 247, 256, 251, 251, 256, 247, 253, 258, 249, 252, 254, 256
Number of unique chromosomes (out of 100 chromosomes in total): 42
**********************************************************************
Printing generation: 331
Best chromosome in current generation with value: 142, competence: 256.000:
1, 2, 2, 2, 3, 3, 3, 2, 2, 2, 1, 2, 1, 3, 1, 2, 3, 1, 3, 3, 2, 1, 2, 3, 3, 2, 3, 1, 1, 2, 1, 3, 2, 2, 1, 1, 3, 3, 3, 3
competence values:
256, 256, 256, 248, 250, 249, 243, 248, 260, 256, 256, 250, 250, 256, 250, 250, 256, 248, 260, 245, 257, 245, 257, 247, 257, 255, 247, 256, 256, 247, 256, 250, 252, 241, 256, 257, 250, 250, 255, 251, 256, 250, 249, 257, 257, 249, 260, 257, 250, 255, 249, 256, 257, 250, 254, 256, 257, 243, 256, 256, 249, 245, 249, 257, 256, 256, 250, 254, 245, 250, 248, 257, 251, 248, 251, 248, 249, 250, 257, 252, 250, 256, 248, 256, 257, 250, 250, 255, 257, 253, 250, 250, 250, 254, 257, 247, 249, 250, 256, 256
Number of unique chromosomes (out of 100 chromosomes in total): 56
**********************************************************************
Printing generation: 341
Best chromosome in current generation with value: 143, competence: 254.000:
2, 2, 2, 2, 3, 3, 3, 2, 2, 2, 1, 2, 1, 3, 1, 2, 3, 1, 3, 3, 2, 1, 3, 3, 3, 1, 3, 1, 1, 2, 1, 3, 2, 2, 1, 1, 1, 3, 3, 3
competence values:
254, 234, 249, 255, 249, 252, 256, 247, 247, 256, 249, 247, 257, 256, 233, 249, 252, 257, 255, 256, 256, 239, 257, 249, 257, 257, 256, 256, 257, 257, 257, 242, 253, 254, 249, 250, 251, 256, 252, 257, 254, 257, 248, 257, 256, 257, 257, 251, 256, 242, 254, 248, 256, 257, 257, 233, 256, 249, 249, 250, 257, 249, 257, 256, 257, 257, 257, 257, 257, 258, 249, 256, 250, 244, 251, 257, 252, 248, 250, 257, 257, 255, 249, 257, 241, 255, 255, 242, 257, 251, 250, 250, 257, 257, 257, 256, 257, 257, 244, 256
Number of unique chromosomes (out of 100 chromosomes in total): 52
**********************************************************************
Printing generation: 351
Best chromosome in current generation with value: 150, competence: 249.000:
2, 2, 2, 2, 3, 3, 3, 2, 2, 2, 1, 2, 1, 3, 1, 2, 3, 1, 3, 3, 2, 1, 2, 3, 2, 1, 3, 2, 1, 2, 1, 3, 2, 2, 1, 1, 3, 3, 3, 3
competence values:
249, 247, 257, 257, 256, 255, 256, 257, 249, 233, 256, 254, 257, 257, 257, 257, 246, 249, 256, 257, 250, 257, 256, 256, 239, 253, 239, 254, 250, 249, 257, 252, 256, 256, 256, 256, 257, 257, 256, 256, 256, 257, 249, 256, 257, 257, 256, 257, 252, 257, 256, 258, 257, 257, 257, 257, 252, 250, 233, 249, 256, 252, 256, 257, 257, 260, 252, 248, 239, 260, 249, 257, 256, 257, 257, 252, 257, 256, 256, 250, 254, 240, 248, 252, 249, 249, 256, 257, 256, 256, 256, 240, 256, 256, 256, 238, 256, 250, 257, 256
Number of unique chromosomes (out of 100 chromosomes in total): 38
**********************************************************************
Printing generation: 361
Best chromosome in current generation with value: 143, competence: 257.000:
2, 2, 2, 2, 3, 3, 3, 2, 2, 2, 1, 2, 1, 3, 1, 2, 3, 1, 3, 3, 2, 1, 2, 3, 3, 1, 3, 1, 1, 2, 1, 3, 2, 2, 1, 1, 1, 3, 3, 3
competence values:
257, 249, 256, 241, 249, 257, 257, 248, 249, 250, 230, 230, 256, 257, 233, 229, 256, 257, 256, 241, 257, 249, 256, 257, 250, 257, 249, 257, 248, 250, 256, 248, 257, 256, 256, 257, 235, 257, 257, 257, 256, 249, 257, 250, 257, 257, 257, 257, 257, 243, 261, 257, 257, 244, 256, 257, 257, 253, 257, 257, 257, 257, 257, 230, 230, 257, 249, 257, 257, 248, 257, 257, 250, 252, 257, 251, 257, 261, 257, 256, 257, 256, 256, 257, 256, 257, 257, 256, 257, 257, 249, 244, 257, 257, 257, 257, 257, 257, 257, 257
Number of unique chromosomes (out of 100 chromosomes in total): 35
**********************************************************************
Printing generation: 371
Best chromosome in current generation with value: 141, competence: 238.000:
2, 2, 2, 2, 3, 3, 3, 2, 2, 2, 1, 2, 1, 3, 1, 2, 3, 1, 3, 3, 2, 1, 2, 3, 3, 2, 3, 2, 1, 2, 1, 3, 2, 2, 1, 1, 3, 3, 3, 3
competence values:
238, 222, 223, 256, 247, 248, 257, 244, 257, 242, 257, 257, 257, 250, 252, 257, 257, 257, 243, 257, 247, 256, 256, 243, 242, 257, 257, 257, 257, 250, 242, 249, 241, 242, 257, 257, 261, 257, 224, 257, 257, 257, 243, 241, 250, 251, 244, 257, 251, 261, 250, 253, 250, 242, 257, 261, 257, 257, 252, 256, 242, 249, 257, 249, 257, 244, 242, 258, 250, 257, 257, 257, 251, 256, 257, 256, 257, 257, 251, 256, 242, 235, 257, 256, 256, 257, 241, 250, 242, 242, 257, 252, 257, 251, 222, 257, 243, 257, 257, 242
Number of unique chromosomes (out of 100 chromosomes in total): 43
**********************************************************************
Printing generation: 381
Best chromosome in current generation with value: 146, competence: 253.000:
2, 2, 2, 2, 3, 3, 3, 2, 2, 2, 1, 3, 1, 3, 1, 2, 3, 1, 3, 3, 2, 3, 2, 3, 3, 2, 3, 1, 1, 2, 1, 3, 2, 2, 1, 1, 2, 3, 3, 3
competence values:
253, 243, 237, 256, 257, 250, 257, 243, 242, 242, 256, 245, 257, 242, 242, 245, 241, 242, 257, 257, 257, 256, 251, 237, 237, 252, 241, 257, 256, 247, 256, 257, 258, 257, 246, 244, 257, 256, 251, 241, 251, 257, 257, 247, 257, 256, 257, 251, 242, 257, 256, 245, 257, 256, 245, 258, 257, 247, 250, 256, 241, 257, 254, 245, 256, 241, 250, 256, 241, 257, 244, 245, 256, 257, 257, 257, 256, 252, 250, 235, 257, 257, 257, 250, 237, 245, 253, 256, 248, 248, 257, 247, 249, 256, 257, 257, 261, 257, 256, 253
Number of unique chromosomes (out of 100 chromosomes in total): 43
**********************************************************************
Printing generation: 391
Best chromosome in current generation with value: 144, competence: 258.000:
2, 2, 1, 2, 3, 3, 3, 2, 2, 2, 1, 3, 1, 3, 1, 2, 3, 1, 3, 3, 2, 1, 2, 3, 3, 2, 3, 1, 1, 2, 1, 3, 2, 2, 1, 1, 1, 3, 3, 3
competence values:
258, 260, 242, 238, 258, 257, 256, 232, 257, 257, 257, 256, 247, 238, 257, 254, 257, 255, 248, 256, 257, 248, 251, 248, 257, 257, 257, 257, 248, 257, 258, 257, 246, 257, 256, 241, 250, 257, 250, 235, 257, 257, 237, 257, 257, 257, 257, 256, 249, 256, 257, 257, 232, 257, 257, 257, 248, 257, 258, 250, 257, 257, 241, 256, 256, 257, 257, 248, 257, 218, 242, 241, 232, 242, 251, 242, 256, 257, 260, 247, 242, 251, 238, 257, 257, 257, 250, 250, 257, 257, 247, 253, 257, 247, 254, 257, 237, 247, 248, 257
Number of unique chromosomes (out of 100 chromosomes in total): 49
**********************************************************************
Printing generation: 401
Best chromosome in current generation with value: 142, competence: 227.000:
2, 2, 2, 2, 3, 3, 3, 2, 2, 2, 1, 2, 1, 3, 1, 2, 3, 1, 3, 3, 2, 1, 2, 3, 3, 2, 3, 1, 1, 2, 1, 3, 2, 2, 1, 1, 1, 3, 3, 3
competence values:
227, 261, 256, 257, 242, 256, 249, 257, 256, 257, 257, 256, 232, 238, 240, 257, 257, 250, 248, 248, 250, 257, 249, 248, 247, 238, 256, 249, 238, 248, 257, 242, 237, 256, 257, 247, 249, 250, 228, 256, 248, 256, 257, 256, 257, 247, 250, 257, 257, 257, 248, 257, 238, 250, 238, 250, 250, 257, 250, 248, 250, 249, 250, 248, 248, 249, 257, 250, 250, 249, 238, 257, 257, 257, 227, 251, 257, 248, 242, 257, 249, 238, 250, 248, 257, 240, 241, 256, 238, 256, 238, 228, 256, 241, 249, 247, 221, 250, 257, 250
Number of unique chromosomes (out of 100 chromosomes in total): 40
**********************************************************************
Printing generation: 411
Best chromosome in current generation with value: 143, competence: 250.000:
2, 3, 2, 2, 3, 3, 3, 2, 2, 2, 1, 2, 1, 3, 1, 2, 3, 1, 3, 3, 2, 1, 2, 3, 3, 1, 3, 1, 1, 2, 1, 3, 2, 2, 1, 1, 1, 3, 3, 3
competence values:
250, 248, 250, 249, 256, 252, 250, 238, 254, 256, 252, 254, 257, 257, 250, 250, 250, 238, 253, 251, 259, 250, 255, 250, 249, 256, 254, 254, 250, 249, 249, 250, 236, 254, 244, 250, 250, 257, 254, 257, 233, 238, 256, 249, 250, 250, 245, 257, 249, 253, 256, 253, 253, 254, 256, 250, 254, 256, 249, 257, 249, 257, 250, 249, 256, 251, 237, 236, 238, 250, 249, 256, 257, 249, 244, 256, 257, 251, 252, 249, 238, 257, 250, 257, 234, 257, 253, 238, 256, 254, 256, 248, 257, 257, 244, 250, 257, 249, 257, 244
Number of unique chromosomes (out of 100 chromosomes in total): 39
**********************************************************************
Printing generation: 421
Best chromosome in current generation with value: 133, competence: 232.000:
2, 2, 2, 2, 3, 3, 3, 2, 2, 2, 1, 2, 1, 3, 1, 2, 3, 1, 3, 3, 2, 1, 2, 3, 3, 1, 3, 1, 1, 2, 1, 3, 2, 2, 3, 1, 1, 3, 3, 3
competence values:
232, 259, 259, 249, 248, 250, 259, 254, 259, 257, 258, 249, 257, 256, 249, 250, 257, 257, 249, 248, 256, 249, 250, 255, 234, 240, 257, 257, 257, 257, 256, 253, 257, 256, 256, 257, 258, 257, 246, 250, 256, 254, 250, 249, 254, 255, 257, 250, 234, 248, 250, 250, 247, 234, 250, 236, 248, 256, 257, 235, 259, 257, 256, 259, 249, 249, 250, 250, 250, 256, 256, 238, 253, 256, 257, 232, 248, 233, 249, 256, 249, 248, 257, 257, 250, 250, 250, 256, 248, 257, 259, 257, 257, 238, 254, 250, 256, 257, 249, 254
Number of unique chromosomes (out of 100 chromosomes in total): 43
**********************************************************************
Printing generation: 431
Best chromosome in current generation with value: 149, competence: 260.000:
2, 2, 2, 1, 3, 3, 3, 2, 2, 2, 1, 2, 1, 3, 1, 2, 3, 1, 3, 3, 2, 1, 2, 3, 3, 2, 3, 1, 1, 2, 1, 3, 2, 2, 3, 1, 3, 3, 3, 3
competence values:
260, 245, 247, 250, 255, 257, 256, 249, 257, 232, 243, 248, 257, 250, 242, 257, 257, 255, 246, 248, 250, 249, 257, 256, 258, 250, 257, 243, 256, 257, 253, 257, 255, 238, 235, 257, 246, 257, 257, 234, 255, 257, 250, 248, 257, 245, 242, 257, 256, 250, 250, 257, 250, 258, 234, 248, 250, 242, 256, 249, 243, 248, 250, 257, 257, 257, 249, 250, 248, 257, 243, 219, 250, 254, 257, 250, 260, 234, 234, 243, 257, 259, 250, 250, 257, 257, 232, 256, 248, 256, 250, 250, 255, 258, 248, 250, 256, 250, 257, 257
Number of unique chromosomes (out of 100 chromosomes in total): 37
**********************************************************************
Printing generation: 441
Best chromosome in current generation with value: 160, competence: 241.000:
1, 2, 2, 2, 3, 3, 3, 1, 2, 2, 1, 2, 1, 3, 1, 2, 3, 1, 3, 3, 2, 1, 2, 3, 3, 2, 3, 1, 1, 2, 1, 3, 2, 2, 1, 1, 1, 3, 3, 3
competence values:
241, 248, 257, 250, 250, 250, 248, 249, 245, 256, 260, 250, 250, 250, 257, 258, 246, 250, 248, 228, 257, 258, 250, 249, 257, 250, 257, 256, 257, 256, 248, 250, 257, 260, 250, 250, 246, 256, 257, 250, 232, 246, 259, 250, 246, 256, 243, 260, 250, 241, 257, 257, 257, 257, 246, 257, 256, 246, 257, 261, 260, 250, 257, 257, 250, 257, 257, 250, 244, 257, 256, 256, 250, 257, 260, 257, 257, 250, 257, 250, 249, 248, 246, 257, 257, 257, 257, 256, 257, 257, 259, 256, 260, 244, 257, 257, 246, 258, 257, 249
Number of unique chromosomes (out of 100 chromosomes in total): 34
**********************************************************************
Printing generation: 451
Best chromosome in current generation with value: 147, competence: 260.000:
2, 2, 2, 2, 3, 3, 3, 2, 3, 2, 1, 3, 1, 3, 1, 2, 3, 1, 3, 3, 2, 1, 2, 3, 3, 2, 3, 1, 1, 2, 1, 3, 2, 2, 1, 1, 3, 3, 3, 3
competence values:
260, 256, 256, 260, 259, 257, 257, 257, 243, 256, 256, 246, 256, 250, 256, 259, 257, 256, 256, 257, 256, 260, 257, 236, 249, 257, 242, 256, 251, 249, 248, 257, 260, 256, 249, 255, 260, 260, 256, 260, 249, 259, 260, 260, 257, 256, 250, 257, 260, 256, 250, 256, 260, 245, 246, 244, 259, 257, 249, 257, 250, 250, 256, 244, 257, 259, 250, 257, 257, 260, 256, 256, 250, 260, 257, 249, 256, 250, 257, 255, 247, 249, 257, 249, 259, 256, 256, 256, 260, 257, 260, 249, 252, 249, 248, 250, 259, 250, 250, 256
Number of unique chromosomes (out of 100 chromosomes in total): 41
**********************************************************************
Printing generation: 461
Best chromosome in current generation with value: 151, competence: 242.000:
2, 2, 2, 2, 3, 3, 3, 2, 2, 2, 1, 2, 1, 3, 1, 2, 3, 1, 3, 3, 2, 1, 2, 3, 3, 2, 3, 1, 1, 2, 2, 3, 2, 2, 1, 1, 3, 3, 3, 3
competence values:
242, 256, 244, 255, 250, 257, 247, 254, 246, 256, 257, 257, 256, 257, 257, 257, 246, 258, 250, 256, 249, 244, 249, 256, 250, 260, 257, 257, 250, 249, 256, 257, 256, 256, 249, 261, 256, 249, 246, 246, 247, 253, 246, 260, 260, 260, 249, 249, 256, 257, 257, 257, 247, 257, 247, 232, 260, 246, 256, 243, 257, 257, 256, 257, 256, 257, 260, 257, 248, 246, 260, 256, 245, 236, 257, 258, 257, 246, 250, 245, 260, 256, 246, 245, 260, 244, 252, 256, 257, 240, 245, 249, 257, 246, 256, 256, 260, 257, 257, 256
Number of unique chromosomes (out of 100 chromosomes in total): 42
**********************************************************************
Printing generation: 471
Best chromosome in current generation with value: 135, competence: 259.000:
2, 2, 2, 2, 3, 1, 3, 2, 2, 2, 1, 1, 1, 3, 1, 2, 3, 1, 3, 3, 2, 1, 2, 3, 3, 2, 3, 1, 1, 2, 1, 2, 2, 2, 1, 1, 3, 3, 3, 3
competence values:
259, 251, 248, 256, 250, 261, 257, 256, 242, 258, 257, 261, 258, 246, 246, 249, 256, 257, 256, 256, 250, 229, 250, 241, 234, 259, 256, 257, 241, 256, 260, 256, 241, 256, 261, 261, 257, 250, 256, 250, 246, 260, 246, 251, 256, 257, 256, 246, 241, 246, 261, 239, 256, 257, 257, 242, 250, 256, 244, 242, 256, 256, 256, 256, 257, 246, 244, 257, 260, 241, 249, 256, 257, 250, 257, 241, 257, 252, 257, 246, 242, 246, 260, 256, 250, 257, 257, 241, 250, 241, 256, 260, 257, 253, 256, 241, 244, 257, 256, 249
Number of unique chromosomes (out of 100 chromosomes in total): 52
**********************************************************************
Printing generation: 481
Best chromosome in current generation with value: 140, competence: 244.000:
2, 1, 2, 2, 3, 3, 3, 2, 2, 2, 1, 2, 1, 3, 1, 2, 1, 1, 3, 3, 2, 1, 2, 3, 3, 2, 3, 1, 1, 2, 1, 2, 2, 2, 1, 1, 3, 3, 3, 3
competence values:
244, 257, 252, 257, 254, 256, 257, 261, 251, 258, 257, 257, 257, 257, 249, 257, 258, 258, 258, 257, 259, 259, 257, 257, 250, 256, 257, 256, 259, 258, 257, 257, 259, 241, 257, 257, 257, 257, 257, 249, 256, 261, 251, 257, 256, 256, 261, 260, 256, 257, 256, 241, 254, 259, 257, 258, 257, 256, 251, 256, 256, 260, 260, 257, 256, 257, 259, 256, 252, 255, 256, 256, 256, 261, 257, 259, 256, 259, 259, 256, 258, 257, 258, 256, 257, 257, 257, 243, 256, 259, 257, 257, 256, 256, 256, 259, 256, 254, 259, 251
Number of unique chromosomes (out of 100 chromosomes in total): 40
**********************************************************************
Printing generation: 491
Best chromosome in current generation with value: 139, competence: 256.000:
2, 2, 2, 2, 3, 3, 3, 2, 2, 2, 1, 2, 1, 3, 1, 2, 3, 1, 3, 1, 2, 3, 2, 3, 3, 2, 3, 1, 1, 2, 1, 3, 2, 2, 1, 1, 3, 3, 3, 3
competence values:
256, 251, 257, 257, 246, 251, 250, 251, 257, 240, 251, 251, 257, 233, 248, 251, 257, 251, 256, 256, 256, 256, 251, 255, 256, 243, 251, 251, 257, 257, 257, 256, 251, 256, 256, 251, 257, 256, 249, 257, 256, 257, 251, 259, 246, 257, 256, 256, 257, 251, 259, 256, 257, 251, 259, 256, 256, 251, 247, 255, 256, 251, 257, 255, 252, 256, 249, 256, 256, 251, 251, 257, 248, 250, 249, 257, 243, 257, 246, 257, 256, 257, 258, 256, 251, 251, 259, 246, 255, 251, 249, 256, 247, 256, 256, 250, 256, 248, 256, 250
Number of unique chromosomes (out of 100 chromosomes in total): 54
**********************************************************************
Printing generation: 501
Best chromosome in current generation with value: 161, competence: 256.000:
2, 2, 2, 2, 3, 3, 3, 2, 3, 2, 1, 2, 1, 3, 1, 2, 3, 1, 1, 1, 2, 1, 2, 3, 3, 2, 3, 1, 1, 2, 1, 2, 2, 2, 1, 1, 3, 3, 3, 3
competence values:
256, 251, 250, 251, 243, 256, 259, 252, 237, 258, 250, 246, 251, 249, 257, 251, 252, 258, 256, 233, 250, 250, 251, 243, 250, 259, 245, 249, 258, 250, 246, 257, 256, 243, 257, 250, 251, 251, 255, 241, 252, 250, 251, 258, 251, 252, 250, 255, 256, 251, 251, 251, 236, 251, 246, 256, 251, 255, 256, 247, 249, 251, 251, 247, 251, 250, 251, 259, 251, 256, 243, 251, 257, 245, 256, 258, 258, 258, 249, 260, 255, 256, 227, 249, 251, 250, 258, 256, 247, 248, 251, 255, 258, 255, 257, 258, 247, 247, 239, 258
Number of unique chromosomes (out of 100 chromosomes in total): 66
**********************************************************************
Printing generation: 511
Best chromosome in current generation with value: 161, competence: 254.000:
2, 2, 2, 2, 2, 3, 3, 2, 2, 2, 1, 2, 1, 3, 1, 2, 2, 1, 3, 3, 2, 1, 2, 3, 3, 2, 3, 1, 1, 2, 1, 3, 2, 2, 1, 1, 2, 3, 3, 3
competence values:
254, 254, 251, 259, 248, 251, 257, 255, 257, 259, 255, 247, 247, 251, 257, 250, 256, 257, 251, 255, 251, 247, 257, 252, 256, 255, 247, 246, 256, 259, 247, 252, 251, 247, 255, 252, 257, 254, 249, 259, 261, 250, 259, 251, 261, 251, 255, 247, 257, 257, 251, 251, 256, 259, 255, 261, 250, 257, 251, 249, 246, 255, 256, 255, 256, 251, 256, 251, 257, 252, 256, 251, 256, 254, 254, 256, 259, 256, 256, 253, 253, 256, 251, 247, 255, 251, 255, 254, 257, 251, 261, 247, 252, 251, 258, 248, 247, 260, 258, 247
Number of unique chromosomes (out of 100 chromosomes in total): 60
**********************************************************************
Printing generation: 521
Best chromosome in current generation with value: 163, competence: 249.000:
2, 2, 2, 2, 3, 1, 3, 2, 3, 2, 1, 3, 3, 3, 1, 2, 3, 1, 3, 3, 2, 1, 2, 3, 3, 2, 3, 1, 1, 2, 1, 3, 3, 2, 1, 1, 3, 3, 3, 3
competence values:
249, 250, 256, 236, 257, 257, 251, 253, 256, 256, 248, 249, 256, 247, 252, 248, 259, 255, 254, 255, 257, 249, 252, 241, 250, 249, 258, 258, 257, 259, 257, 256, 256, 252, 231, 251, 251, 250, 252, 254, 258, 253, 251, 246, 251, 243, 251, 251, 250, 256, 252, 256, 255, 256, 236, 255, 252, 253, 249, 256, 255, 257, 260, 253, 251, 254, 254, 256, 254, 260, 257, 249, 252, 257, 258, 255, 246, 241, 258, 236, 255, 244, 252, 255, 247, 255, 247, 256, 222, 259, 250, 256, 256, 251, 255, 256, 256, 234, 249, 249
Number of unique chromosomes (out of 100 chromosomes in total): 72
**********************************************************************
Printing generation: 531
Best chromosome in current generation with value: 140, competence: 243.000:
2, 2, 2, 2, 1, 1, 3, 3, 2, 2, 1, 2, 3, 3, 1, 2, 2, 1, 3, 3, 2, 1, 2, 3, 3, 2, 3, 1, 1, 2, 1, 2, 2, 2, 1, 1, 3, 3, 3, 3
competence values:
243, 256, 256, 258, 247, 249, 249, 242, 257, 256, 245, 257, 250, 251, 258, 252, 255, 249, 251, 256, 258, 257, 250, 257, 240, 248, 256, 259, 249, 256, 251, 259, 248, 255, 256, 248, 248, 256, 258, 249, 251, 251, 251, 256, 249, 243, 256, 251, 248, 237, 250, 249, 257, 256, 256, 256, 249, 257, 252, 257, 251, 258, 256, 244, 256, 252, 258, 249, 250, 258, 250, 258, 237, 240, 255, 248, 250, 255, 250, 249, 254, 257, 259, 248, 253, 256, 252, 250, 257, 252, 243, 256, 240, 248, 252, 250, 252, 254, 249, 236
Number of unique chromosomes (out of 100 chromosomes in total): 69
**********************************************************************
Printing generation: 541
Best chromosome in current generation with value: 136, competence: 249.000:
2, 2, 2, 2, 3, 1, 3, 2, 2, 2, 1, 3, 1, 3, 1, 2, 2, 1, 3, 3, 2, 1, 2, 3, 3, 2, 3, 1, 1, 2, 1, 3, 2, 2, 1, 1, 3, 3, 3, 3
competence values:
249, 257, 258, 250, 250, 254, 242, 256, 255, 249, 256, 259, 250, 242, 254, 244, 257, 259, 256, 251, 256, 252, 251, 258, 257, 249, 260, 260, 250, 244, 252, 258, 250, 244, 241, 255, 250, 250, 256, 251, 256, 252, 256, 256, 257, 257, 251, 257, 256, 251, 255, 245, 251, 258, 256, 257, 257, 253, 249, 257, 248, 257, 257, 257, 256, 260, 257, 256, 249, 255, 256, 254, 254, 256, 250, 256, 255, 258, 251, 251, 256, 259, 258, 251, 255, 251, 244, 251, 257, 252, 251, 259, 251, 257, 258, 251, 255, 250, 237, 251
Number of unique chromosomes (out of 100 chromosomes in total): 55
**********************************************************************
Printing generation: 551
Best chromosome in current generation with value: 140, competence: 252.000:
2, 2, 2, 2, 3, 1, 3, 2, 3, 2, 1, 3, 1, 3, 1, 2, 3, 1, 3, 3, 2, 1, 2, 3, 3, 2, 3, 1, 1, 2, 1, 2, 2, 2, 1, 1, 3, 3, 3, 3
competence values:
252, 256, 254, 257, 256, 257, 249, 257, 258, 257, 255, 255, 254, 251, 256, 251, 251, 251, 258, 258, 249, 252, 256, 250, 251, 245, 258, 256, 258, 253, 256, 257, 251, 249, 257, 258, 257, 257, 251, 254, 258, 243, 257, 258, 257, 257, 255, 254, 252, 257, 258, 241, 257, 256, 257, 256, 256, 239, 250, 258, 249, 239, 258, 243, 256, 254, 251, 251, 254, 250, 255, 258, 251, 256, 256, 256, 257, 251, 252, 254, 258, 258, 255, 251, 256, 258, 256, 257, 254, 254, 247, 250, 255, 249, 249, 255, 258, 257, 256, 251
Number of unique chromosomes (out of 100 chromosomes in total): 62
**********************************************************************
Printing generation: 561
Best chromosome in current generation with value: 140, competence: 248.000:
2, 2, 2, 2, 3, 1, 3, 2, 2, 2, 1, 3, 1, 3, 1, 2, 3, 1, 3, 3, 2, 1, 2, 3, 3, 2, 3, 1, 1, 2, 1, 2, 2, 2, 1, 1, 3, 3, 2, 3
competence values:
248, 258, 258, 259, 245, 252, 258, 255, 256, 258, 253, 247, 259, 249, 248, 252, 253, 258, 252, 249, 252, 253, 258, 241, 253, 250, 253, 256, 253, 256, 248, 252, 258, 253, 256, 256, 256, 258, 249, 255, 252, 231, 247, 256, 247, 252, 256, 258, 258, 252, 251, 258, 259, 252, 252, 256, 249, 250, 252, 256, 257, 252, 256, 245, 257, 253, 250, 258, 258, 255, 258, 252, 252, 252, 253, 254, 258, 248, 256, 256, 253, 256, 249, 250, 253, 245, 252, 243, 258, 248, 257, 255, 253, 256, 247, 258, 252, 257, 255, 252
Number of unique chromosomes (out of 100 chromosomes in total): 66
**********************************************************************
Printing generation: 571
Best chromosome in current generation with value: 136, competence: 258.000:
2, 2, 2, 2, 3, 2, 3, 2, 2, 2, 1, 3, 1, 3, 1, 2, 3, 1, 3, 3, 2, 1, 2, 3, 3, 1, 3, 1, 1, 2, 1, 3, 2, 2, 1, 1, 3, 3, 2, 3
competence values:
258, 249, 258, 249, 238, 252, 242, 255, 233, 257, 247, 259, 237, 253, 258, 255, 253, 258, 221, 258, 258, 251, 258, 256, 253, 253, 258, 247, 257, 247, 258, 255, 247, 252, 252, 242, 258, 256, 247, 258, 256, 258, 256, 258, 240, 254, 259, 256, 245, 258, 256, 244, 249, 256, 257, 258, 233, 257, 258, 258, 242, 258, 247, 247, 252, 259, 247, 234, 258, 247, 257, 252, 258, 258, 259, 253, 256, 259, 258, 256, 258, 248, 253, 255, 256, 236, 259, 250, 258, 258, 225, 253, 258, 243, 256, 252, 241, 259, 255, 255
Number of unique chromosomes (out of 100 chromosomes in total): 54
**********************************************************************
Printing generation: 581
Best chromosome in current generation with value: 146, competence: 240.000:
2, 2, 2, 2, 3, 1, 3, 2, 2, 2, 1, 3, 1, 3, 1, 2, 3, 1, 3, 3, 2, 1, 2, 3, 3, 2, 3, 1, 1, 2, 1, 3, 2, 2, 1, 1, 2, 3, 3, 3
competence values:
240, 252, 256, 255, 245, 258, 258, 241, 241, 258, 241, 241, 245, 241, 242, 241, 258, 258, 241, 248, 249, 248, 258, 254, 254, 257, 253, 247, 258, 258, 247, 249, 253, 251, 257, 237, 248, 250, 249, 244, 258, 243, 258, 258, 251, 247, 258, 259, 249, 243, 258, 258, 258, 257, 256, 257, 244, 258, 258, 258, 241, 244, 241, 258, 256, 246, 248, 241, 244, 246, 258, 242, 256, 257, 250, 258, 246, 260, 252, 244, 240, 258, 256, 258, 237, 224, 241, 249, 258, 246, 258, 245, 246, 250, 249, 249, 256, 258, 248, 242
Number of unique chromosomes (out of 100 chromosomes in total): 61
**********************************************************************
Printing generation: 591
Best chromosome in current generation with value: 132, competence: 249.000:
2, 1, 2, 2, 3, 2, 3, 2, 2, 2, 1, 2, 2, 2, 1, 2, 3, 2, 3, 3, 2, 1, 2, 3, 3, 2, 3, 1, 1, 2, 1, 3, 2, 2, 1, 1, 3, 3, 3, 3
competence values:
249, 252, 258, 256, 243, 236, 240, 258, 243, 258, 258, 258, 251, 244, 243, 252, 256, 257, 246, 254, 244, 252, 241, 258, 252, 251, 252, 243, 255, 252, 249, 258, 245, 242, 257, 253, 251, 250, 242, 256, 257, 259, 248, 252, 258, 260, 246, 254, 257, 244, 258, 254, 258, 236, 254, 242, 251, 240, 242, 241, 258, 258, 239, 250, 258, 258, 258, 244, 252, 258, 231, 258, 244, 258, 239, 254, 256, 258, 256, 252, 258, 236, 251, 241, 258, 258, 250, 258, 239, 258, 258, 249, 242, 239, 257, 259, 258, 249, 253, 259
Number of unique chromosomes (out of 100 chromosomes in total): 66
**********************************************************************
Printing generation: 601
Best chromosome in current generation with value: 148, competence: 237.000:
2, 1, 2, 2, 3, 2, 3, 2, 2, 2, 1, 3, 1, 2, 2, 2, 2, 1, 3, 3, 2, 1, 2, 3, 3, 2, 3, 1, 1, 2, 1, 3, 2, 2, 1, 1, 3, 3, 3, 3
competence values:
237, 235, 259, 258, 242, 251, 243, 248, 248, 258, 252, 258, 257, 249, 246, 257, 245, 238, 255, 258, 253, 238, 252, 259, 247, 247, 241, 258, 258, 235, 256, 256, 237, 258, 259, 247, 251, 254, 258, 235, 254, 246, 253, 252, 250, 248, 258, 258, 258, 253, 259, 258, 253, 235, 258, 252, 251, 259, 236, 245, 252, 256, 259, 251, 259, 254, 254, 259, 254, 258, 253, 254, 238, 252, 254, 251, 258, 259, 237, 241, 258, 241, 242, 258, 254, 249, 254, 254, 248, 243, 252, 252, 258, 253, 241, 251, 258, 258, 256, 258
Number of unique chromosomes (out of 100 chromosomes in total): 54
**********************************************************************
Printing generation: 611
Best chromosome in current generation with value: 141, competence: 239.000:
2, 2, 2, 2, 3, 1, 3, 2, 2, 2, 1, 2, 3, 3, 1, 2, 2, 1, 3, 3, 2, 1, 2, 3, 3, 1, 3, 1, 1, 2, 1, 3, 2, 2, 1, 1, 3, 3, 2, 3
competence values:
239, 241, 256, 254, 248, 256, 257, 232, 249, 258, 247, 243, 257, 258, 241, 253, 247, 256, 249, 259, 249, 248, 254, 258, 258, 247, 255, 258, 249, 253, 256, 257, 258, 254, 258, 256, 254, 256, 247, 258, 255, 255, 251, 253, 249, 258, 259, 250, 258, 258, 253, 259, 241, 256, 254, 246, 258, 253, 257, 258, 233, 248, 253, 254, 256, 252, 256, 259, 257, 255, 253, 253, 258, 248, 242, 248, 255, 248, 255, 251, 257, 241, 259, 256, 251, 249, 246, 244, 251, 233, 256, 258, 252, 249, 250, 255, 256, 253, 254, 249
Number of unique chromosomes (out of 100 chromosomes in total): 62
**********************************************************************
Printing generation: 621
Best chromosome in current generation with value: 137, competence: 244.000:
2, 1, 2, 2, 3, 2, 3, 2, 2, 2, 1, 2, 2, 2, 1, 2, 2, 1, 3, 3, 2, 1, 3, 3, 3, 2, 3, 1, 1, 2, 1, 3, 2, 2, 1, 1, 3, 3, 3, 3
competence values:
244, 258, 241, 256, 252, 258, 250, 254, 258, 256, 256, 258, 248, 258, 253, 246, 256, 256, 246, 258, 254, 246, 240, 259, 242, 257, 257, 253, 251, 255, 254, 258, 259, 256, 258, 248, 256, 252, 250, 258, 258, 248, 250, 257, 240, 256, 258, 253, 258, 259, 253, 245, 257, 257, 240, 258, 256, 254, 259, 255, 255, 255, 248, 254, 258, 258, 254, 259, 257, 256, 258, 246, 258, 241, 246, 254, 258, 259, 258, 249, 256, 253, 249, 254, 259, 259, 256, 253, 254, 256, 259, 242, 250, 258, 255, 242, 252, 252, 254, 258
Number of unique chromosomes (out of 100 chromosomes in total): 67
**********************************************************************
Printing generation: 631
Best chromosome in current generation with value: 137, competence: 258.000:
2, 2, 2, 2, 3, 1, 3, 2, 2, 2, 1, 3, 1, 3, 1, 2, 2, 1, 3, 3, 3, 1, 2, 3, 3, 2, 3, 1, 1, 2, 1, 3, 2, 2, 1, 1, 3, 3, 3, 3
competence values:
258, 248, 256, 259, 258, 241, 254, 258, 258, 259, 258, 258, 258, 258, 248, 250, 242, 255, 257, 241, 258, 248, 258, 257, 258, 258, 259, 248, 258, 256, 249, 258, 243, 248, 254, 248, 255, 258, 241, 256, 258, 247, 248, 258, 242, 258, 259, 249, 258, 254, 258, 251, 260, 243, 258, 255, 235, 242, 248, 260, 255, 259, 259, 258, 240, 248, 248, 260, 241, 260, 259, 258, 258, 239, 241, 258, 240, 251, 259, 259, 258, 251, 258, 258, 248, 255, 255, 248, 248, 258, 259, 249, 245, 256, 247, 258, 256, 256, 259, 243
Number of unique chromosomes (out of 100 chromosomes in total): 57
**********************************************************************
Printing generation: 641
Best chromosome in current generation with value: 135, competence: 229.000:
2, 1, 2, 2, 3, 2, 3, 2, 2, 2, 1, 3, 1, 3, 1, 2, 3, 1, 3, 3, 2, 1, 2, 3, 3, 1, 3, 1, 1, 2, 1, 3, 2, 2, 1, 1, 3, 3, 3, 3
competence values:
229, 239, 243, 252, 245, 241, 255, 250, 241, 258, 249, 258, 259, 252, 243, 258, 259, 242, 248, 242, 250, 257, 251, 256, 247, 245, 254, 253, 250, 248, 253, 257, 248, 249, 258, 247, 258, 256, 251, 245, 258, 245, 260, 242, 256, 259, 258, 249, 255, 242, 258, 259, 258, 258, 228, 257, 254, 241, 242, 258, 258, 256, 250, 258, 250, 251, 251, 258, 241, 257, 250, 251, 212, 258, 241, 245, 252, 250, 258, 252, 253, 259, 248, 255, 259, 259, 259, 249, 243, 248, 248, 245, 258, 259, 258, 249, 259, 242, 259, 232
Number of unique chromosomes (out of 100 chromosomes in total): 71
**********************************************************************
Printing generation: 651
Best chromosome in current generation with value: 135, competence: 245.000:
2, 2, 2, 2, 3, 1, 3, 2, 2, 2, 1, 2, 2, 3, 1, 2, 3, 1, 3, 2, 2, 1, 2, 3, 3, 1, 3, 1, 1, 2, 1, 3, 3, 2, 1, 1, 3, 3, 3, 3
competence values:
245, 249, 259, 248, 257, 259, 249, 258, 250, 258, 251, 259, 260, 259, 259, 260, 260, 259, 259, 248, 255, 259, 259, 260, 251, 248, 249, 242, 242, 260, 259, 257, 250, 258, 260, 245, 242, 251, 258, 259, 259, 241, 255, 242, 257, 245, 259, 258, 259, 258, 259, 250, 259, 259, 258, 259, 258, 242, 250, 247, 257, 251, 258, 258, 259, 242, 259, 259, 252, 249, 256, 245, 259, 249, 259, 254, 258, 259, 258, 258, 258, 259, 258, 259, 258, 259, 251, 242, 249, 248, 259, 258, 259, 260, 258, 259, 258, 257, 259, 249
Number of unique chromosomes (out of 100 chromosomes in total): 61
**********************************************************************
Printing generation: 661
Best chromosome in current generation with value: 134, competence: 259.000:
2, 2, 2, 2, 3, 2, 3, 2, 2, 2, 1, 2, 2, 3, 1, 2, 3, 1, 3, 3, 2, 1, 2, 3, 3, 2, 3, 1, 1, 2, 1, 3, 2, 2, 1, 1, 3, 3, 3, 3
competence values:
259, 240, 259, 259, 259, 258, 248, 258, 259, 259, 239, 259, 252, 259, 242, 249, 259, 258, 259, 259, 258, 256, 249, 245, 260, 244, 259, 254, 259, 257, 258, 259, 258, 259, 240, 259, 249, 249, 249, 258, 258, 258, 259, 254, 259, 259, 252, 260, 258, 259, 259, 259, 246, 259, 258, 259, 259, 258, 251, 248, 248, 241, 256, 258, 256, 247, 258, 259, 260, 259, 259, 249, 240, 247, 260, 244, 260, 258, 258, 258, 259, 247, 258, 259, 259, 247, 248, 252, 259, 258, 259, 246, 259, 228, 259, 259, 258, 259, 252, 259
Number of unique chromosomes (out of 100 chromosomes in total): 47
**********************************************************************
Printing generation: 671
Best chromosome in current generation with value: 146, competence: 251.000:
2, 2, 2, 2, 3, 2, 3, 2, 2, 2, 1, 2, 2, 3, 1, 2, 3, 1, 3, 3, 2, 1, 2, 3, 3, 1, 3, 1, 1, 2, 1, 3, 2, 2, 1, 3, 3, 3, 3, 3
competence values:
251, 260, 253, 258, 245, 249, 237, 259, 259, 251, 239, 259, 249, 240, 247, 259, 248, 259, 255, 259, 260, 259, 248, 254, 259, 250, 250, 259, 250, 260, 246, 250, 256, 259, 255, 249, 252, 259, 251, 250, 260, 246, 260, 259, 259, 253, 254, 259, 258, 249, 259, 252, 259, 238, 249, 249, 250, 251, 259, 258, 250, 260, 250, 249, 249, 249, 259, 247, 249, 259, 248, 259, 253, 259, 237, 260, 238, 247, 260, 250, 254, 249, 259, 249, 249, 255, 250, 249, 252, 250, 258, 259, 251, 259, 253, 258, 259, 259, 259, 259
Number of unique chromosomes (out of 100 chromosomes in total): 63
**********************************************************************
Printing generation: 681
Best chromosome in current generation with value: 146, competence: 249.000:
2, 2, 2, 2, 3, 2, 3, 2, 2, 2, 1, 1, 1, 3, 2, 2, 3, 1, 3, 3, 2, 1, 2, 3, 3, 2, 3, 1, 1, 2, 1, 3, 2, 2, 1, 1, 3, 3, 3, 3
competence values:
249, 256, 259, 259, 258, 250, 253, 250, 251, 249, 258, 253, 250, 250, 250, 250, 258, 253, 258, 249, 259, 251, 252, 251, 253, 250, 248, 249, 258, 250, 249, 239, 240, 252, 247, 258, 259, 251, 249, 253, 252, 259, 248, 250, 260, 250, 251, 259, 259, 250, 239, 260, 250, 260, 259, 249, 250, 246, 259, 251, 239, 250, 248, 248, 253, 249, 259, 248, 259, 248, 251, 253, 260, 245, 251, 259, 249, 247, 247, 259, 260, 256, 240, 250, 255, 258, 239, 259, 253, 237, 249, 250, 255, 239, 250, 255, 259, 258, 251, 249
Number of unique chromosomes (out of 100 chromosomes in total): 67
**********************************************************************
Printing generation: 691
Best chromosome in current generation with value: 141, competence: 239.000:
2, 2, 2, 2, 3, 1, 3, 1, 2, 2, 1, 3, 1, 3, 2, 2, 3, 1, 3, 3, 2, 1, 2, 3, 1, 1, 3, 1, 1, 2, 1, 3, 2, 2, 1, 1, 3, 3, 3, 3
competence values:
239, 228, 253, 251, 252, 259, 251, 248, 258, 259, 251, 249, 253, 241, 259, 258, 259, 250, 258, 250, 251, 253, 259, 247, 258, 250, 250, 250, 259, 259, 249, 260, 259, 252, 259, 253, 252, 260, 251, 250, 243, 249, 259, 249, 260, 260, 260, 251, 260, 247, 251, 260, 249, 233, 252, 259, 259, 260, 253, 251, 249, 259, 252, 251, 250, 251, 260, 252, 253, 253, 249, 249, 256, 250, 259, 252, 251, 258, 253, 258, 260, 252, 249, 258, 252, 251, 259, 250, 251, 250, 260, 243, 259, 251, 251, 251, 247, 257, 252, 259
Number of unique chromosomes (out of 100 chromosomes in total): 70
**********************************************************************
Printing generation: 701
Best chromosome in current generation with value: 140, competence: 245.000:
2, 2, 2, 2, 3, 2, 1, 1, 2, 2, 1, 1, 1, 3, 1, 2, 3, 1, 3, 3, 2, 1, 2, 3, 2, 2, 3, 1, 1, 2, 1, 3, 2, 2, 1, 1, 3, 3, 3, 3
competence values:
245, 250, 249, 251, 250, 249, 251, 248, 254, 258, 248, 252, 258, 248, 249, 252, 253, 253, 248, 236, 239, 240, 253, 250, 246, 248, 243, 251, 248, 242, 251, 250, 247, 253, 249, 250, 252, 258, 252, 249, 240, 258, 253, 249, 240, 251, 254, 258, 248, 250, 236, 248, 252, 254, 251, 252, 248, 249, 248, 249, 254, 253, 239, 250, 258, 245, 253, 249, 249, 250, 252, 250, 251, 256, 250, 246, 252, 249, 250, 250, 252, 258, 251, 251, 249, 253, 235, 246, 254, 252, 252, 250, 253, 252, 250, 240, 248, 258, 251, 245
Number of unique chromosomes (out of 100 chromosomes in total): 73
**********************************************************************
Printing generation: 711
Best chromosome in current generation with value: 150, competence: 260.000:
2, 2, 2, 2, 3, 2, 3, 2, 2, 2, 1, 2, 1, 3, 1, 1, 3, 1, 3, 3, 2, 2, 2, 3, 2, 2, 3, 1, 1, 2, 1, 3, 2, 2, 1, 1, 3, 3, 3, 3
competence values:
260, 254, 250, 250, 257, 258, 252, 248, 250, 242, 249, 250, 251, 254, 254, 259, 242, 251, 234, 234, 249, 247, 250, 239, 252, 259, 251, 251, 251, 250, 259, 238, 248, 255, 248, 254, 254, 249, 250, 250, 253, 234, 251, 253, 248, 250, 238, 253, 255, 254, 250, 252, 244, 239, 242, 255, 254, 248, 254, 249, 254, 249, 254, 244, 251, 246, 249, 238, 258, 250, 259, 252, 252, 258, 249, 239, 250, 242, 253, 244, 245, 234, 249, 254, 252, 252, 250, 248, 250, 254, 250, 247, 249, 259, 254, 251, 253, 248, 258, 254
Number of unique chromosomes (out of 100 chromosomes in total): 70
**********************************************************************
Printing generation: 721
Best chromosome in current generation with value: 140, competence: 245.000:
2, 2, 2, 2, 3, 1, 3, 2, 2, 2, 1, 3, 1, 3, 1, 2, 3, 1, 3, 3, 2, 1, 2, 3, 3, 2, 3, 1, 1, 2, 1, 3, 2, 2, 1, 1, 3, 2, 3, 3
competence values:
245, 249, 252, 251, 249, 254, 240, 248, 259, 251, 257, 251, 259, 258, 247, 252, 250, 252, 249, 259, 252, 256, 258, 250, 258, 249, 259, 254, 244, 251, 259, 251, 254, 250, 245, 258, 250, 238, 252, 250, 252, 251, 254, 259, 240, 246, 259, 249, 253, 257, 252, 259, 259, 259, 258, 254, 248, 250, 250, 258, 259, 259, 250, 259, 252, 249, 255, 252, 253, 259, 238, 257, 252, 258, 259, 253, 259, 249, 253, 243, 253, 251, 257, 252, 245, 250, 252, 249, 253, 235, 254, 241, 250, 236, 255, 254, 255, 254, 240, 251
Number of unique chromosomes (out of 100 chromosomes in total): 77
**********************************************************************
Printing generation: 731
Best chromosome in current generation with value: 145, competence: 225.000:
2, 2, 2, 2, 3, 1, 3, 2, 2, 2, 1, 2, 2, 3, 1, 2, 3, 1, 3, 3, 2, 1, 2, 3, 3, 1, 3, 1, 1, 2, 1, 3, 2, 2, 2, 1, 3, 3, 3, 3
competence values:
225, 250, 251, 252, 256, 240, 250, 258, 259, 253, 259, 250, 251, 252, 249, 247, 259, 252, 252, 251, 259, 248, 252, 245, 258, 259, 252, 242, 259, 259, 249, 240, 249, 250, 238, 251, 245, 248, 252, 253, 250, 247, 252, 251, 249, 259, 258, 251, 258, 249, 251, 252, 259, 247, 247, 259, 251, 259, 249, 254, 247, 259, 258, 248, 247, 249, 249, 253, 249, 252, 259, 247, 249, 258, 250, 254, 252, 245, 258, 250, 258, 249, 250, 258, 259, 258, 258, 240, 258, 248, 250, 248, 247, 260, 252, 254, 252, 251, 248, 254
Number of unique chromosomes (out of 100 chromosomes in total): 67
**********************************************************************
Printing generation: 741
Best chromosome in current generation with value: 135, competence: 252.000:
2, 2, 2, 2, 3, 1, 3, 2, 2, 2, 1, 3, 2, 3, 1, 1, 3, 1, 3, 3, 2, 1, 2, 3, 3, 3, 3, 3, 1, 2, 1, 3, 2, 2, 1, 1, 3, 2, 3, 3
competence values:
252, 230, 250, 244, 253, 247, 255, 248, 259, 242, 259, 242, 251, 251, 259, 250, 243, 250, 256, 252, 253, 256, 253, 242, 234, 257, 246, 253, 252, 251, 249, 259, 252, 246, 252, 259, 247, 251, 259, 250, 250, 251, 251, 255, 252, 251, 240, 242, 261, 255, 258, 256, 259, 252, 251, 251, 247, 253, 245, 241, 252, 259, 254, 255, 259, 258, 256, 255, 251, 247, 251, 250, 251, 254, 252, 247, 251, 250, 253, 252, 253, 256, 255, 250, 258, 253, 251, 250, 251, 247, 258, 258, 239, 250, 250, 249, 248, 257, 258, 253
Number of unique chromosomes (out of 100 chromosomes in total): 83
**********************************************************************
Printing generation: 751
Best chromosome in current generation with value: 147, competence: 254.000:
2, 2, 2, 2, 3, 2, 3, 2, 2, 2, 1, 2, 2, 3, 1, 1, 3, 1, 3, 3, 2, 1, 2, 3, 3, 1, 3, 1, 1, 2, 1, 3, 2, 2, 1, 1, 2, 2, 3, 3
competence values:
254, 250, 249, 247, 251, 241, 252, 250, 250, 250, 251, 242, 252, 248, 252, 258, 256, 254, 222, 252, 249, 249, 254, 248, 246, 258, 235, 247, 251, 252, 252, 251, 251, 241, 259, 253, 246, 252, 252, 222, 257, 254, 248, 254, 252, 252, 248, 254, 258, 251, 250, 258, 235, 254, 250, 252, 253, 249, 251, 257, 251, 252, 251, 246, 248, 252, 255, 252, 245, 251, 254, 250, 246, 252, 251, 221, 245, 254, 251, 251, 252, 251, 249, 252, 245, 259, 235, 251, 252, 242, 248, 255, 251, 250, 260, 253, 248, 252, 255, 255
Number of unique chromosomes (out of 100 chromosomes in total): 66
**********************************************************************
Printing generation: 761
Best chromosome in current generation with value: 151, competence: 249.000:
2, 2, 2, 2, 3, 1, 3, 2, 2, 2, 1, 2, 2, 3, 1, 2, 3, 1, 3, 3, 2, 1, 2, 3, 1, 1, 3, 2, 1, 2, 1, 3, 2, 2, 3, 1, 3, 2, 3, 3
competence values:
249, 232, 252, 259, 254, 257, 251, 251, 259, 251, 259, 259, 252, 250, 242, 259, 259, 259, 242, 256, 258, 258, 255, 242, 242, 252, 241, 247, 242, 249, 252, 258, 258, 254, 252, 242, 237, 250, 259, 258, 250, 249, 252, 251, 251, 250, 252, 259, 252, 259, 249, 257, 258, 254, 247, 250, 241, 258, 251, 242, 252, 250, 247, 250, 249, 247, 250, 242, 252, 251, 242, 250, 252, 251, 259, 259, 251, 251, 251, 238, 252, 250, 245, 242, 245, 247, 252, 259, 254, 252, 259, 259, 252, 252, 252, 246, 252, 250, 259, 259
Number of unique chromosomes (out of 100 chromosomes in total): 60
**********************************************************************
Printing generation: 771
Best chromosome in current generation with value: 133, competence: 253.000:
2, 2, 2, 2, 3, 1, 3, 2, 2, 2, 1, 2, 2, 3, 1, 2, 3, 1, 3, 3, 3, 1, 2, 3, 1, 1, 1, 1, 3, 2, 1, 3, 2, 2, 1, 1, 3, 2, 3, 3
competence values:
253, 241, 252, 228, 251, 251, 252, 252, 244, 249, 251, 251, 230, 252, 251, 254, 252, 259, 260, 259, 254, 252, 260, 259, 259, 251, 251, 252, 228, 229, 251, 260, 251, 241, 251, 246, 252, 252, 254, 244, 252, 247, 228, 251, 251, 252, 251, 249, 246, 251, 259, 260, 251, 254, 254, 249, 251, 251, 235, 260, 229, 259, 241, 251, 252, 253, 251, 259, 253, 252, 253, 249, 247, 250, 254, 251, 252, 252, 251, 254, 252, 252, 242, 241, 252, 253, 246, 228, 259, 242, 241, 242, 256, 237, 228, 242, 259, 250, 241, 252
Number of unique chromosomes (out of 100 chromosomes in total): 51
**********************************************************************
Printing generation: 781
Best chromosome in current generation with value: 158, competence: 252.000:
1, 2, 2, 2, 3, 1, 3, 2, 2, 2, 1, 2, 2, 3, 1, 2, 3, 1, 3, 3, 2, 1, 1, 3, 1, 1, 3, 3, 1, 2, 1, 3, 2, 2, 1, 1, 3, 2, 3, 3
competence values:
252, 252, 254, 251, 251, 253, 252, 254, 236, 252, 259, 251, 251, 237, 252, 244, 246, 259, 251, 253, 254, 254, 237, 247, 252, 251, 259, 252, 251, 252, 251, 252, 254, 259, 253, 251, 252, 248, 252, 249, 254, 246, 252, 251, 252, 252, 252, 260, 252, 254, 251, 252, 252, 251, 254, 252, 247, 251, 248, 253, 252, 259, 247, 252, 253, 252, 251, 251, 254, 260, 252, 252, 254, 252, 253, 252, 253, 241, 252, 251, 252, 244, 247, 251, 254, 252, 259, 259, 251, 254, 252, 260, 252, 252, 259, 252, 252, 254, 252, 259
Number of unique chromosomes (out of 100 chromosomes in total): 54
**********************************************************************
Printing generation: 791
Best chromosome in current generation with value: 147, competence: 251.000:
2, 2, 2, 3, 3, 2, 3, 2, 2, 2, 1, 2, 2, 3, 1, 1, 2, 1, 3, 3, 1, 1, 2, 3, 1, 1, 3, 3, 1, 2, 1, 3, 2, 2, 1, 1, 3, 2, 3, 3
competence values:
251, 252, 247, 252, 251, 240, 254, 248, 246, 253, 249, 251, 254, 250, 252, 253, 240, 254, 251, 259, 254, 254, 244, 251, 232, 255, 251, 254, 255, 237, 254, 249, 249, 252, 254, 249, 242, 254, 254, 252, 252, 254, 247, 254, 252, 250, 244, 243, 249, 249, 258, 258, 253, 254, 250, 254, 254, 249, 254, 250, 257, 249, 253, 254, 250, 246, 252, 252, 260, 255, 254, 254, 254, 252, 241, 252, 238, 243, 259, 251, 249, 249, 226, 253, 231, 247, 252, 254, 251, 251, 256, 249, 251, 251, 249, 243, 248, 252, 259, 257
Number of unique chromosomes (out of 100 chromosomes in total): 54
**********************************************************************
Printing generation: 801
Best chromosome in current generation with value: 138, competence: 236.000:
2, 2, 2, 3, 3, 2, 3, 2, 2, 2, 1, 2, 3, 3, 1, 1, 3, 1, 3, 3, 2, 1, 2, 3, 1, 1, 3, 3, 1, 2, 1, 3, 2, 2, 1, 1, 3, 2, 3, 3
competence values:
236, 248, 246, 252, 253, 254, 252, 254, 251, 244, 246, 245, 253, 254, 252, 245, 253, 254, 252, 252, 242, 249, 254, 243, 250, 258, 234, 250, 259, 254, 252, 254, 254, 253, 252, 254, 254, 244, 241, 255, 254, 253, 254, 244, 254, 249, 251, 260, 253, 254, 259, 254, 242, 243, 254, 260, 251, 241, 254, 248, 254, 253, 254, 251, 253, 251, 254, 254, 258, 250, 246, 253, 253, 253, 251, 252, 245, 250, 248, 254, 253, 244, 243, 254, 245, 251, 252, 254, 253, 248, 253, 255, 253, 243, 254, 251, 249, 253, 246, 255
Number of unique chromosomes (out of 100 chromosomes in total): 54
**********************************************************************
Printing generation: 811
Best chromosome in current generation with value: 157, competence: 237.000:
2, 2, 2, 2, 3, 2, 2, 2, 2, 2, 1, 3, 2, 3, 1, 1, 3, 1, 3, 3, 1, 1, 2, 3, 1, 1, 3, 1, 1, 2, 1, 3, 2, 2, 1, 1, 3, 2, 3, 3
competence values:
237, 241, 254, 252, 242, 249, 246, 249, 252, 256, 249, 258, 251, 249, 250, 252, 253, 251, 254, 254, 249, 253, 249, 252, 254, 253, 247, 254, 243, 260, 254, 254, 235, 244, 249, 252, 251, 247, 249, 254, 258, 241, 255, 235, 248, 254, 260, 254, 252, 242, 250, 249, 235, 242, 240, 250, 254, 254, 253, 249, 259, 254, 253, 250, 252, 256, 250, 239, 254, 249, 245, 254, 254, 249, 253, 254, 249, 249, 253, 254, 252, 251, 244, 251, 247, 253, 258, 259, 253, 260, 257, 258, 254, 250, 249, 242, 253, 249, 252, 253
Number of unique chromosomes (out of 100 chromosomes in total): 71
**********************************************************************
Printing generation: 821
Best chromosome in current generation with value: 154, competence: 247.000:
2, 2, 2, 2, 3, 1, 3, 2, 2, 2, 1, 3, 2, 3, 1, 1, 3, 1, 3, 3, 2, 1, 2, 3, 1, 1, 1, 3, 1, 2, 1, 3, 2, 2, 1, 1, 3, 2, 3, 3
competence values:
247, 251, 255, 251, 244, 258, 238, 231, 249, 257, 238, 254, 240, 255, 241, 255, 249, 244, 241, 238, 249, 258, 249, 253, 240, 249, 258, 238, 250, 256, 254, 257, 258, 244, 242, 245, 254, 241, 245, 257, 253, 250, 245, 250, 238, 245, 250, 253, 240, 252, 250, 247, 253, 254, 254, 254, 241, 254, 250, 256, 244, 258, 255, 256, 238, 256, 252, 240, 254, 241, 251, 242, 244, 253, 246, 256, 258, 245, 257, 254, 242, 254, 247, 241, 253, 244, 250, 258, 254, 249, 254, 245, 253, 245, 231, 238, 258, 258, 256, 256
Number of unique chromosomes (out of 100 chromosomes in total): 62
**********************************************************************
Printing generation: 831
Best chromosome in current generation with value: 140, competence: 251.000:
2, 2, 2, 3, 3, 2, 3, 2, 2, 2, 1, 3, 2, 3, 1, 1, 1, 1, 3, 2, 1, 1, 2, 3, 3, 1, 3, 3, 3, 2, 1, 3, 2, 2, 1, 1, 3, 2, 3, 3
competence values:
251, 236, 241, 244, 247, 245, 255, 259, 235, 219, 258, 247, 254, 245, 243, 243, 252, 219, 253, 241, 241, 248, 254, 241, 241, 247, 250, 245, 254, 253, 244, 252, 245, 251, 242, 254, 254, 238, 240, 252, 245, 243, 246, 241, 242, 253, 254, 249, 254, 241, 254, 231, 249, 249, 230, 247, 253, 241, 254, 254, 249, 245, 253, 254, 242, 246, 250, 247, 242, 256, 250, 239, 249, 254, 239, 253, 239, 253, 253, 242, 253, 253, 219, 242, 238, 238, 253, 259, 253, 245, 241, 250, 245, 252, 248, 241, 253, 254, 254, 254
Number of unique chromosomes (out of 100 chromosomes in total): 76
**********************************************************************
Printing generation: 841
Best chromosome in current generation with value: 138, competence: 258.000:
2, 2, 2, 2, 3, 2, 3, 2, 2, 2, 1, 2, 1, 2, 1, 1, 3, 1, 3, 3, 2, 1, 2, 3, 1, 1, 3, 3, 3, 2, 1, 3, 2, 2, 1, 1, 3, 2, 3, 3
competence values:
258, 253, 247, 253, 251, 252, 249, 241, 247, 248, 258, 242, 250, 241, 227, 253, 254, 254, 236, 251, 241, 259, 254, 246, 241, 254, 246, 254, 254, 252, 254, 254, 247, 241, 241, 254, 239, 252, 249, 249, 254, 253, 251, 240, 232, 246, 245, 251, 252, 253, 239, 242, 255, 247, 254, 247, 242, 240, 249, 253, 242, 246, 254, 241, 254, 251, 253, 241, 253, 259, 252, 255, 249, 251, 241, 253, 231, 254, 260, 256, 246, 241, 254, 252, 254, 250, 254, 258, 258, 253, 241, 253, 251, 253, 242, 254, 254, 246, 255, 255
Number of unique chromosomes (out of 100 chromosomes in total): 66
**********************************************************************
Printing generation: 851
Best chromosome in current generation with value: 161, competence: 252.000:
2, 2, 2, 3, 3, 2, 3, 2, 2, 2, 1, 3, 2, 2, 1, 1, 3, 1, 3, 3, 2, 1, 2, 3, 1, 1, 3, 3, 3, 2, 1, 3, 2, 2, 3, 1, 3, 2, 3, 3
competence values:
252, 254, 246, 253, 254, 253, 247, 237, 255, 246, 249, 253, 253, 254, 250, 245, 255, 253, 254, 253, 254, 241, 254, 248, 250, 250, 255, 250, 253, 254, 254, 255, 251, 253, 250, 250, 254, 245, 255, 246, 251, 253, 247, 255, 255, 255, 253, 240, 249, 250, 255, 240, 254, 247, 255, 255, 231, 258, 240, 255, 247, 250, 240, 254, 255, 255, 250, 247, 254, 246, 247, 255, 247, 253, 258, 258, 253, 247, 255, 255, 254, 253, 245, 254, 253, 247, 245, 255, 231, 246, 246, 247, 255, 255, 249, 249, 245, 250, 243, 241
Number of unique chromosomes (out of 100 chromosomes in total): 54
**********************************************************************
Printing generation: 861
Best chromosome in current generation with value: 155, competence: 237.000:
2, 2, 2, 2, 2, 2, 3, 2, 2, 2, 2, 3, 1, 2, 1, 1, 3, 1, 3, 3, 2, 1, 2, 3, 1, 1, 3, 3, 1, 2, 1, 3, 2, 2, 3, 1, 3, 2, 3, 3
competence values:
237, 237, 247, 247, 253, 247, 233, 247, 241, 251, 247, 247, 247, 254, 246, 244, 246, 250, 255, 253, 255, 246, 235, 253, 253, 243, 240, 247, 247, 246, 254, 254, 247, 253, 255, 247, 250, 247, 247, 254, 259, 258, 254, 228, 227, 247, 256, 251, 255, 233, 250, 241, 253, 247, 252, 245, 247, 249, 247, 247, 235, 247, 247, 246, 255, 255, 247, 233, 257, 245, 254, 247, 253, 254, 254, 254, 241, 253, 252, 254, 241, 238, 253, 255, 247, 246, 250, 254, 244, 247, 247, 251, 245, 246, 235, 255, 253, 245, 253, 255
Number of unique chromosomes (out of 100 chromosomes in total): 48
**********************************************************************
Printing generation: 871
Best chromosome in current generation with value: 136, competence: 260.000:
2, 2, 2, 3, 3, 2, 3, 2, 2, 2, 1, 2, 1, 3, 1, 1, 3, 1, 3, 3, 2, 1, 2, 3, 1, 1, 2, 3, 1, 2, 1, 3, 2, 2, 3, 1, 3, 2, 3, 3
competence values:
260, 254, 236, 256, 230, 243, 228, 252, 248, 243, 244, 244, 240, 239, 254, 254, 258, 243, 229, 253, 254, 250, 247, 242, 239, 254, 253, 242, 251, 250, 254, 238, 239, 254, 258, 260, 250, 250, 257, 255, 247, 254, 247, 253, 245, 246, 254, 253, 246, 245, 247, 253, 240, 253, 255, 236, 235, 250, 240, 253, 246, 247, 255, 258, 247, 250, 255, 255, 254, 246, 252, 247, 239, 247, 249, 244, 254, 233, 246, 246, 252, 252, 226, 238, 254, 246, 254, 240, 255, 253, 255, 255, 246, 254, 234, 246, 250, 245, 258, 255
Number of unique chromosomes (out of 100 chromosomes in total): 76
**********************************************************************
Printing generation: 881
Best chromosome in current generation with value: 162, competence: 249.000:
2, 2, 2, 3, 3, 2, 3, 2, 2, 2, 1, 2, 2, 3, 1, 1, 3, 1, 3, 3, 2, 1, 2, 3, 1, 1, 3, 3, 1, 2, 1, 3, 3, 2, 3, 1, 3, 2, 3, 3
competence values:
249, 247, 236, 250, 253, 255, 253, 253, 246, 255, 247, 258, 255, 248, 245, 241, 248, 236, 245, 242, 251, 255, 244, 247, 247, 243, 251, 255, 238, 255, 254, 254, 245, 247, 255, 237, 255, 241, 247, 230, 237, 238, 251, 253, 250, 258, 244, 252, 258, 253, 253, 237, 257, 251, 236, 255, 251, 244, 230, 251, 250, 245, 252, 242, 247, 254, 254, 236, 250, 244, 254, 247, 238, 255, 252, 258, 237, 253, 252, 251, 252, 229, 250, 238, 249, 255, 246, 253, 244, 231, 255, 240, 248, 249, 253, 241, 245, 245, 251, 248
Number of unique chromosomes (out of 100 chromosomes in total): 63
**********************************************************************
Printing generation: 891
Best chromosome in current generation with value: 142, competence: 258.000:
2, 2, 2, 2, 3, 2, 3, 2, 2, 2, 1, 2, 1, 2, 1, 1, 3, 1, 3, 3, 2, 1, 2, 3, 1, 1, 3, 3, 1, 2, 1, 3, 1, 2, 3, 1, 3, 2, 3, 3
competence values:
258, 225, 256, 251, 241, 250, 255, 250, 230, 247, 241, 234, 255, 251, 248, 254, 255, 255, 247, 247, 258, 247, 249, 249, 255, 252, 250, 250, 239, 250, 249, 239, 232, 247, 258, 258, 253, 247, 246, 235, 247, 251, 236, 251, 236, 249, 230, 236, 248, 237, 254, 255, 230, 255, 244, 255, 252, 250, 238, 247, 248, 236, 236, 240, 237, 247, 253, 245, 249, 250, 237, 258, 230, 258, 230, 249, 258, 247, 255, 249, 239, 241, 243, 254, 223, 250, 238, 247, 254, 257, 248, 251, 248, 231, 251, 247, 237, 236, 258, 255
Number of unique chromosomes (out of 100 chromosomes in total): 78
**********************************************************************
Printing generation: 901
Best chromosome in current generation with value: 138, competence: 249.000:
2, 2, 2, 2, 3, 2, 2, 2, 1, 2, 1, 2, 1, 3, 1, 2, 3, 1, 3, 3, 2, 1, 1, 3, 1, 1, 3, 3, 1, 2, 1, 3, 2, 2, 3, 1, 3, 2, 3, 3
competence values:
249, 248, 249, 258, 254, 251, 248, 246, 255, 249, 231, 256, 248, 250, 254, 237, 249, 247, 248, 237, 255, 254, 253, 254, 249, 249, 252, 234, 254, 255, 251, 251, 252, 252, 243, 252, 251, 247, 250, 234, 245, 251, 248, 254, 234, 247, 251, 248, 247, 240, 249, 251, 254, 239, 251, 254, 250, 254, 236, 245, 237, 253, 248, 251, 249, 255, 245, 250, 254, 255, 255, 249, 253, 239, 240, 235, 240, 245, 252, 249, 255, 243, 247, 251, 239, 254, 249, 237, 256, 248, 247, 254, 247, 251, 231, 255, 247, 258, 251, 255
Number of unique chromosomes (out of 100 chromosomes in total): 85
**********************************************************************
Printing generation: 911
Best chromosome in current generation with value: 147, competence: 239.000:
2, 2, 2, 2, 3, 1, 3, 2, 2, 2, 2, 2, 1, 3, 1, 1, 3, 1, 3, 3, 2, 1, 1, 3, 3, 2, 3, 3, 1, 2, 1, 3, 1, 2, 3, 1, 3, 2, 3, 3
competence values:
239, 251, 255, 252, 249, 239, 239, 253, 254, 249, 249, 239, 240, 252, 246, 247, 240, 254, 249, 248, 240, 246, 240, 255, 239, 247, 239, 239, 254, 246, 248, 249, 247, 248, 239, 253, 249, 239, 247, 247, 236, 253, 237, 255, 248, 249, 255, 240, 238, 240, 254, 255, 231, 255, 239, 248, 247, 250, 239, 247, 239, 252, 255, 237, 250, 234, 249, 239, 239, 249, 237, 247, 231, 250, 252, 255, 249, 249, 255, 253, 246, 252, 240, 255, 255, 249, 252, 252, 235, 235, 246, 249, 237, 249, 253, 257, 252, 252, 239, 250
Number of unique chromosomes (out of 100 chromosomes in total): 75
**********************************************************************
Printing generation: 921
Best chromosome in current generation with value: 153, competence: 249.000:
2, 2, 2, 2, 3, 2, 3, 2, 2, 3, 1, 3, 1, 3, 1, 2, 3, 1, 3, 3, 2, 1, 1, 3, 1, 2, 3, 3, 1, 2, 1, 3, 1, 2, 3, 1, 3, 2, 3, 3
competence values:
249, 219, 249, 249, 246, 239, 250, 252, 248, 253, 250, 221, 222, 239, 246, 235, 253, 252, 246, 239, 254, 253, 254, 219, 248, 234, 253, 253, 254, 249, 254, 248, 253, 253, 249, 254, 253, 254, 253, 249, 251, 234, 248, 252, 237, 248, 253, 247, 252, 233, 253, 250, 254, 234, 255, 254, 237, 248, 237, 247, 252, 252, 248, 236, 237, 234, 237, 242, 241, 251, 253, 235, 254, 236, 237, 254, 253, 239, 251, 233, 249, 246, 254, 252, 239, 235, 235, 238, 238, 253, 239, 223, 239, 247, 235, 254, 248, 254, 235, 253
Number of unique chromosomes (out of 100 chromosomes in total): 74
**********************************************************************
Printing generation: 931
Best chromosome in current generation with value: 148, competence: 252.000:
2, 2, 2, 2, 3, 1, 3, 2, 2, 2, 1, 2, 2, 3, 1, 1, 3, 1, 3, 3, 2, 1, 2, 2, 1, 1, 3, 3, 1, 1, 1, 3, 1, 2, 3, 1, 3, 2, 3, 3
competence values:
252, 237, 250, 248, 232, 252, 234, 237, 244, 253, 246, 251, 248, 254, 234, 254, 234, 250, 252, 246, 239, 257, 234, 254, 254, 250, 229, 253, 247, 239, 254, 237, 246, 252, 248, 254, 234, 248, 237, 252, 238, 237, 251, 249, 239, 235, 248, 241, 245, 250, 252, 248, 235, 240, 247, 252, 240, 237, 248, 250, 254, 253, 220, 251, 252, 252, 233, 245, 253, 252, 235, 254, 253, 235, 239, 246, 248, 239, 251, 250, 248, 244, 249, 249, 254, 253, 246, 241, 246, 254, 252, 254, 234, 250, 246, 246, 249, 248, 252, 234
Number of unique chromosomes (out of 100 chromosomes in total): 78
**********************************************************************
Printing generation: 941
Best chromosome in current generation with value: 177, competence: 253.000:
2, 2, 2, 2, 3, 2, 3, 2, 2, 2, 2, 3, 2, 3, 1, 1, 3, 1, 3, 3, 2, 1, 2, 2, 1, 2, 3, 3, 1, 2, 1, 1, 2, 2, 2, 1, 3, 2, 3, 3
competence values:
253, 252, 252, 239, 253, 250, 247, 249, 247, 221, 251, 236, 234, 237, 220, 215, 238, 254, 237, 236, 244, 254, 234, 237, 255, 255, 240, 255, 254, 247, 260, 248, 254, 246, 250, 250, 232, 250, 212, 237, 219, 234, 246, 252, 206, 249, 255, 251, 247, 234, 240, 234, 249, 234, 241, 234, 248, 248, 237, 229, 253, 249, 248, 241, 247, 222, 237, 245, 232, 252, 239, 255, 249, 246, 252, 232, 251, 235, 253, 248, 246, 248, 254, 232, 232, 250, 234, 248, 239, 254, 254, 232, 249, 239, 235, 252, 253, 252, 245, 234
Number of unique chromosomes (out of 100 chromosomes in total): 86
**********************************************************************
Printing generation: 951
Best chromosome in current generation with value: 161, competence: 249.000:
2, 2, 2, 2, 3, 2, 3, 2, 2, 2, 1, 2, 1, 3, 1, 2, 3, 1, 3, 3, 2, 1, 1, 2, 1, 2, 3, 3, 1, 2, 1, 1, 2, 2, 2, 1, 3, 2, 3, 3
competence values:
249, 242, 230, 227, 242, 246, 245, 252, 244, 249, 252, 250, 227, 246, 247, 232, 252, 238, 245, 214, 243, 247, 242, 247, 245, 247, 247, 219, 241, 249, 247, 248, 251, 257, 228, 258, 234, 236, 221, 239, 240, 203, 246, 232, 244, 217, 239, 241, 237, 229, 254, 244, 246, 237, 232, 231, 249, 234, 229, 249, 246, 227, 254, 246, 220, 230, 243, 238, 234, 242, 247, 225, 236, 227, 249, 249, 238, 247, 260, 223, 249, 254, 247, 243, 246, 239, 253, 235, 238, 234, 242, 221, 230, 251, 247, 214, 250, 243, 243, 246
Number of unique chromosomes (out of 100 chromosomes in total): 88
**********************************************************************
Printing generation: 961
Best chromosome in current generation with value: 146, competence: 216.000:
2, 2, 2, 2, 3, 1, 3, 2, 2, 2, 1, 2, 1, 3, 1, 1, 3, 1, 3, 3, 2, 1, 2, 3, 1, 2, 3, 3, 1, 2, 2, 1, 1, 2, 2, 1, 3, 2, 3, 3
competence values:
216, 233, 252, 243, 246, 206, 245, 259, 257, 235, 243, 252, 232, 232, 248, 243, 244, 239, 255, 232, 236, 234, 241, 228, 257, 251, 249, 254, 244, 235, 234, 242, 232, 248, 205, 232, 226, 247, 244, 243, 247, 249, 215, 254, 232, 232, 251, 232, 234, 241, 222, 241, 235, 257, 235, 214, 239, 249, 232, 247, 240, 251, 236, 235, 250, 246, 247, 227, 249, 235, 235, 232, 250, 254, 250, 238, 248, 230, 232, 247, 228, 242, 241, 228, 238, 232, 237, 245, 241, 241, 244, 234, 249, 234, 235, 247, 221, 232, 208, 243
Number of unique chromosomes (out of 100 chromosomes in total): 95
**********************************************************************
Printing generation: 971
Best chromosome in current generation with value: 160, competence: 246.000:
2, 2, 3, 2, 3, 2, 3, 2, 2, 2, 1, 3, 1, 3, 1, 1, 3, 1, 3, 3, 2, 1, 2, 2, 1, 2, 3, 3, 1, 2, 1, 1, 2, 2, 2, 1, 3, 2, 3, 3
competence values:
246, 254, 233, 250, 248, 233, 247, 253, 258, 250, 238, 259, 230, 230, 258, 246, 230, 247, 252, 237, 246, 232, 238, 247, 252, 246, 252, 241, 254, 256, 241, 247, 247, 248, 255, 255, 258, 251, 248, 245, 254, 258, 230, 216, 248, 240, 250, 243, 255, 254, 231, 243, 249, 245, 249, 254, 233, 247, 255, 247, 243, 255, 251, 247, 256, 249, 245, 254, 242, 241, 249, 247, 258, 258, 230, 243, 250, 243, 240, 244, 247, 246, 246, 248, 247, 230, 249, 246, 238, 244, 249, 248, 226, 246, 252, 249, 253, 235, 249, 243
Number of unique chromosomes (out of 100 chromosomes in total): 95
**********************************************************************
Printing generation: 981
Best chromosome in current generation with value: 147, competence: 248.000:
2, 2, 2, 2, 3, 2, 3, 2, 2, 2, 1, 2, 1, 3, 1, 1, 3, 1, 3, 3, 2, 1, 2, 1, 1, 2, 3, 3, 1, 2, 1, 3, 2, 2, 2, 1, 3, 2, 1, 3
competence values:
248, 250, 244, 245, 250, 248, 247, 250, 251, 250, 246, 235, 252, 239, 260, 245, 218, 260, 247, 244, 251, 248, 245, 247, 244, 258, 249, 244, 250, 244, 217, 247, 248, 233, 249, 251, 229, 248, 254, 238, 249, 242, 248, 243, 231, 259, 247, 252, 254, 255, 254, 252, 237, 250, 253, 247, 238, 217, 254, 249, 254, 260, 250, 255, 252, 229, 228, 247, 252, 248, 250, 229, 248, 249, 257, 242, 252, 254, 249, 229, 239, 239, 249, 231, 230, 231, 249, 228, 248, 250, 250, 249, 260, 248, 244, 249, 244, 247, 239, 250
Number of unique chromosomes (out of 100 chromosomes in total): 80
**********************************************************************
Printing generation: 991
Best chromosome in current generation with value: 155, competence: 248.000:
2, 2, 2, 2, 3, 2, 3, 2, 2, 3, 2, 3, 2, 3, 1, 1, 3, 3, 3, 3, 2, 1, 2, 3, 1, 3, 3, 3, 3, 2, 1, 3, 2, 2, 2, 1, 3, 2, 1, 1
competence values:
248, 243, 253, 245, 253, 248, 243, 248, 231, 257, 244, 247, 259, 258, 247, 231, 254, 231, 249, 247, 231, 247, 247, 253, 247, 233, 257, 247, 249, 251, 250, 244, 245, 242, 254, 248, 246, 253, 246, 255, 247, 245, 247, 257, 254, 248, 249, 245, 247, 246, 247, 245, 241, 258, 253, 253, 250, 244, 243, 244, 244, 253, 248, 244, 243, 254, 250, 230, 257, 247, 248, 244, 254, 249, 254, 247, 235, 226, 245, 240, 232, 249, 240, 248, 249, 248, 237, 257, 230, 260, 260, 244, 254, 244, 248, 255, 250, 250, 248, 248
Number of unique chromosomes (out of 100 chromosomes in total): 72
**********************************************************************
Printing generation: 1001
Best chromosome in current generation with value: 134, competence: 252.000:
2, 2, 2, 2, 3, 2, 3, 2, 2, 3, 1, 2, 1, 3, 1, 1, 3, 3, 3, 3, 2, 1, 2, 3, 1, 2, 3, 3, 1, 2, 1, 3, 2, 2, 2, 1, 3, 2, 1, 1
competence values:
252, 241, 245, 255, 253, 257, 248, 249, 250, 249, 252, 249, 241, 254, 260, 253, 255, 253, 241, 245, 247, 247, 252, 258, 257, 244, 259, 253, 252, 257, 247, 253, 244, 247, 258, 257, 257, 258, 258, 251, 249, 249, 239, 243, 247, 243, 252, 248, 257, 253, 253, 257, 258, 248, 257, 239, 255, 257, 245, 258, 257, 250, 251, 254, 238, 256, 254, 231, 254, 255, 240, 250, 244, 255, 249, 235, 248, 247, 251, 257, 257, 252, 253, 258, 254, 257, 252, 256, 257, 258, 248, 249, 249, 247, 250, 239, 249, 258, 244, 258
Number of unique chromosomes (out of 100 chromosomes in total): 75
**********************************************************************
Printing generation: 1011
Best chromosome in current generation with value: 145, competence: 252.000:
2, 2, 2, 2, 3, 2, 3, 2, 2, 2, 1, 3, 2, 3, 1, 1, 3, 1, 3, 3, 2, 1, 2, 3, 1, 2, 3, 3, 1, 2, 1, 3, 2, 2, 2, 1, 3, 2, 1, 1
competence values:
252, 248, 236, 258, 238, 257, 253, 253, 257, 257, 247, 257, 253, 248, 259, 252, 249, 240, 240, 260, 252, 248, 228, 251, 254, 251, 251, 251, 242, 254, 260, 258, 254, 258, 260, 251, 247, 258, 254, 253, 257, 253, 253, 247, 258, 247, 248, 258, 252, 247, 254, 241, 253, 253, 246, 248, 249, 251, 260, 257, 253, 257, 255, 253, 248, 258, 253, 260, 260, 253, 248, 253, 236, 253, 252, 258, 260, 257, 260, 247, 253, 258, 258, 240, 252, 258, 260, 254, 260, 247, 241, 251, 241, 260, 253, 258, 255, 234, 260, 238
Number of unique chromosomes (out of 100 chromosomes in total): 68
**********************************************************************
Printing generation: 1021
Best chromosome in current generation with value: 143, competence: 257.000:
2, 2, 3, 2, 3, 2, 3, 2, 2, 2, 1, 3, 2, 3, 1, 1, 3, 3, 3, 3, 2, 1, 2, 3, 1, 2, 3, 3, 1, 2, 1, 3, 2, 2, 2, 1, 3, 2, 1, 1
competence values:
257, 258, 257, 255, 250, 260, 254, 257, 258, 260, 247, 247, 249, 257, 249, 260, 257, 249, 258, 248, 255, 260, 258, 258, 248, 258, 260, 247, 258, 258, 260, 260, 247, 259, 249, 257, 260, 260, 248, 257, 258, 249, 254, 250, 249, 254, 257, 248, 260, 257, 246, 247, 254, 255, 255, 251, 258, 249, 258, 252, 260, 260, 261, 258, 260, 249, 254, 260, 257, 250, 254, 258, 260, 255, 260, 249, 257, 255, 258, 250, 249, 249, 255, 248, 260, 258, 258, 247, 250, 249, 258, 260, 255, 260, 256, 249, 260, 249, 260, 260
Number of unique chromosomes (out of 100 chromosomes in total): 57
**********************************************************************
New best solution found in generation: 1027
Best chromosome in current generation with value: 131, competence: 253.000:
2, 2, 2, 2, 3, 2, 2, 2, 2, 3, 1, 2, 1, 3, 1, 1, 3, 1, 3, 3, 2, 1, 2, 3, 1, 2, 3, 3, 1, 2, 1, 3, 2, 2, 2, 1, 3, 2, 1, 1
competence values:
253, 258, 247, 255, 256, 253, 257, 260, 253, 257, 257, 248, 247, 252, 252, 261, 260, 248, 254, 253, 255, 255, 253, 249, 249, 248, 253, 250, 253, 248, 253, 260, 247, 253, 256, 260, 254, 255, 258, 255, 255, 260, 245, 249, 254, 253, 261, 247, 258, 260, 260, 257, 252, 254, 254, 257, 255, 258, 260, 253, 247, 254, 247, 254, 260, 250, 257, 258, 259, 254, 248, 257, 256, 257, 256, 247, 258, 253, 249, 257, 257, 255, 258, 259, 247, 248, 258, 257, 260, 258, 250, 254, 253, 247, 253, 256, 254, 258, 250, 250
Number of unique chromosomes (out of 100 chromosomes in total): 66
-----------------------------------------
Overall number of generations created: 1027
Number of seconds elapsed: 13.045
The final solution:
m1 : J13(1, 1), J40(1, 1), J18(2, 1), J39(5, 1), J25(10, 1), J16(12, 1), J36(13, 1), J11(14, 1), J15(14, 1), J22(19, 1), J29(19, 1), J31(20, 1) 	 sum: 130, types: 1
m2 : J7(1, 1), J12(1, 1), J26(1, 1), J3(2, 1), J6(2, 1), J8(2, 1), J30(5, 1), J2(8, 1), J4(8, 1), J21(9, 1), J34(10, 1), J38(10, 1), J9(11, 1), J23(14, 1), J35(14, 1), J1(16, 1), J33(17, 1) 	 sum: 131, types: 1
m3 : J14(4, 1), J32(5, 1), J17(6, 1), J5(8, 1), J28(10, 1), J27(14, 1), J10(15, 1), J20(15, 1), J37(16, 1), J24(18, 1), J19(20, 1) 	 sum: 131, types: 1

Objective function's value: max{130, 131, 131} = 131
*Lower bound (not necessarily tight): 131

**output format:
	m_k is the k'th machine.
	J_i(P, T, M) is the i'th job with processing time P, of type T, and is assigned to machine M (marked as '?' when unassigned).