The problem had 40 jobs that needed to be scheduled on 3 machines.
**********************************************************************
printing Initial generation:
Best chromosome in current generation with value: 174, competence: 302.000:
1, 2, 3, 1, 2, 3, 1, 2, 3, 1, 2, 3, 1, 2, 3, 1, 2, 3, 1, 2, 3, 1, 2, 3, 1, 2, 3, 1, 2, 3, 1, 2, 3, 1, 2, 3, 1, 2, 3, 1
competence values:
302, 307, 307, 307, 245, 252, 306, 280, 309, 255, 283, 279, 288, 278, 235, 245, 251, 228, 261, 278, 267, 255, 271, 291, 287, 268, 301, 265, 255, 271, 296, 285, 285, 279, 252, 294, 275, 246, 280, 285, 251, 307, 287, 304, 300, 253, 282, 252, 287, 259, 251, 300, 265, 300, 297, 246, 282, 268, 302, 289, 247, 227, 291, 273, 303, 290, 310, 290, 285, 299, 310, 290, 294, 227, 265, 289, 313, 252, 236, 261, 242, 255, 246, 280, 257, 295, 235, 263, 309, 284, 298, 291, 246, 240, 245, 277, 295, 279, 259, 224
Number of unique chromosomes (out of 100 chromosomes in total): 100
**********************************************************************
New best solution found in generation: 6
Best chromosome in current generation with value: 169, competence: 292.000:
3, 1, 1, 3, 1, 2, 2, 2, 2, 3, 2, 3, 1, 1, 2, 3, 2, 2, 1, 1, 1, 2, 3, 1, 3, 3, 2, 2, 1, 2, 1, 3, 2, 2, 1, 3, 3, 2, 3, 1
competence values:
292, 254, 286, 295, 295, 284, 288, 280, 282, 294, 296, 292, 307, 279, 281, 291, 291, 275, 282, 292, 284, 311, 289, 284, 269, 307, 290, 307, 254, 288, 290, 292, 272, 310, 268, 289, 292, 287, 273, 278, 300, 276, 307, 292, 267, 303, 290, 240, 282, 292, 300, 293, 260, 258, 298, 301, 314, 260, 309, 283, 309, 224, 310, 274, 297, 291, 312, 282, 289, 311, 273, 296, 302, 291, 277, 272, 312, 278, 276, 273, 290, 298, 282, 284, 302, 295, 290, 275, 289, 286, 276, 296, 296, 301, 286, 271, 283, 292, 273, 248
Number of unique chromosomes (out of 100 chromosomes in total): 100
**********************************************************************
Printing generation: 11
Best chromosome in current generation with value: 170, competence: 252.000:
2, 1, 1, 3, 1, 2, 2, 2, 2, 3, 2, 3, 1, 1, 3, 3, 1, 2, 2, 2, 2, 2, 1, 1, 1, 1, 3, 3, 2, 2, 3, 3, 2, 2, 3, 3, 3, 1, 3, 2
competence values:
252, 263, 297, 261, 303, 269, 289, 288, 282, 261, 271, 289, 299, 274, 275, 303, 277, 270, 293, 294, 254, 309, 243, 276, 301, 304, 277, 280, 240, 260, 297, 310, 288, 284, 281, 297, 282, 276, 310, 283, 264, 308, 305, 262, 282, 303, 304, 274, 279, 292, 303, 281, 289, 287, 300, 251, 228, 259, 274, 286, 308, 294, 280, 273, 294, 287, 288, 309, 216, 259, 289, 285, 276, 295, 297, 295, 258, 301, 297, 267, 304, 261, 292, 287, 260, 263, 286, 287, 312, 309, 271, 259, 254, 257, 295, 220, 272, 295, 271, 291
Number of unique chromosomes (out of 100 chromosomes in total): 98
**********************************************************************
Printing generation: 21
Best chromosome in current generation with value: 189, competence: 305.000:
2, 2, 1, 1, 1, 2, 2, 2, 2, 3, 2, 3, 3, 1, 1, 2, 3, 1, 1, 2, 2, 2, 1, 1, 1, 1, 3, 3, 2, 2, 1, 3, 2, 2, 1, 3, 3, 2, 2, 1
competence values:
305, 284, 314, 284, 298, 290, 296, 304, 313, 287, 303, 310, 300, 292, 309, 268, 256, 284, 254, 284, 293, 268, 312, 310, 283, 260, 258, 279, 288, 239, 304, 288, 280, 289, 298, 274, 283, 276, 297, 297, 288, 305, 283, 300, 279, 292, 308, 304, 312, 287, 299, 305, 314, 311, 289, 291, 301, 299, 272, 288, 299, 261, 275, 305, 285, 297, 283, 278, 267, 271, 296, 290, 268, 293, 298, 306, 255, 309, 306, 294, 294, 305, 290, 303, 261, 299, 295, 280, 289, 290, 297, 279, 268, 277, 300, 288, 263, 287, 282, 315
Number of unique chromosomes (out of 100 chromosomes in total): 99
**********************************************************************
New best solution found in generation: 27
Best chromosome in current generation with value: 163, competence: 285.000:
2, 1, 3, 3, 1, 2, 2, 2, 3, 2, 3, 2, 1, 1, 3, 3, 1, 2, 1, 3, 3, 2, 2, 1, 1, 2, 2, 1, 1, 3, 2, 3, 3, 2, 2, 3, 1, 2, 3, 1
competence values:
285, 291, 291, 287, 303, 276, 272, 297, 301, 295, 297, 298, 299, 306, 284, 304, 304, 272, 313, 304, 297, 278, 297, 299, 270, 282, 282, 261, 291, 305, 282, 287, 296, 303, 299, 287, 290, 305, 275, 285, 290, 291, 274, 287, 296, 301, 315, 293, 245, 312, 308, 294, 298, 267, 298, 273, 255, 265, 300, 277, 294, 303, 283, 308, 270, 302, 304, 306, 265, 301, 272, 255, 314, 295, 266, 296, 272, 289, 295, 310, 293, 265, 249, 297, 299, 299, 295, 266, 302, 300, 297, 239, 292, 267, 300, 296, 285, 297, 306, 305
Number of unique chromosomes (out of 100 chromosomes in total): 100
**********************************************************************
New best solution found in generation: 28
Best chromosome in current generation with value: 161, competence: 313.000:
1, 1, 2, 3, 1, 1, 3, 1, 1, 2, 1, 2, 1, 2, 2, 3, 3, 3, 3, 1, 2, 3, 2, 3, 1, 1, 2, 3, 1, 3, 2, 2, 1, 2, 2, 3, 2, 3, 2, 2
competence values:
313, 295, 304, 275, 302, 274, 308, 283, 295, 287, 290, 297, 279, 252, 277, 265, 278, 290, 302, 259, 271, 293, 281, 286, 297, 297, 291, 269, 299, 277, 297, 298, 305, 288, 297, 304, 308, 295, 268, 279, 297, 287, 310, 300, 286, 281, 257, 310, 300, 298, 285, 270, 296, 294, 306, 300, 297, 300, 267, 275, 265, 308, 295, 261, 266, 283, 304, 241, 314, 278, 296, 313, 287, 272, 277, 234, 281, 315, 302, 275, 308, 263, 267, 291, 294, 299, 290, 266, 263, 290, 296, 280, 298, 305, 293, 305, 279, 280, 303, 290
Number of unique chromosomes (out of 100 chromosomes in total): 99
**********************************************************************
Printing generation: 31
Best chromosome in current generation with value: 184, competence: 288.000:
2, 3, 1, 2, 1, 3, 1, 2, 1, 2, 3, 2, 3, 2, 3, 3, 1, 2, 3, 3, 1, 3, 1, 1, 1, 2, 2, 1, 3, 3, 1, 1, 2, 2, 2, 1, 3, 1, 1, 1
competence values:
288, 292, 307, 314, 295, 306, 289, 258, 266, 260, 313, 282, 278, 311, 284, 304, 292, 306, 285, 266, 287, 288, 303, 315, 308, 229, 269, 246, 274, 300, 275, 286, 308, 244, 292, 297, 302, 300, 296, 289, 252, 292, 284, 288, 280, 270, 283, 248, 306, 315, 292, 290, 288, 290, 286, 303, 286, 268, 302, 301, 292, 262, 299, 272, 303, 292, 272, 255, 290, 306, 267, 299, 297, 310, 282, 307, 284, 306, 309, 296, 276, 299, 233, 281, 279, 282, 291, 287, 256, 280, 298, 306, 290, 234, 306, 288, 272, 298, 304, 278
Number of unique chromosomes (out of 100 chromosomes in total): 97
**********************************************************************
Printing generation: 41
Best chromosome in current generation with value: 170, competence: 198.000:
1, 3, 1, 2, 1, 3, 1, 2, 2, 3, 2, 2, 1, 1, 3, 3, 1, 3, 1, 2, 2, 1, 1, 3, 2, 3, 2, 2, 1, 3, 2, 3, 2, 2, 1, 3, 3, 2, 3, 1
competence values:
198, 243, 296, 223, 276, 304, 291, 296, 253, 265, 302, 305, 300, 271, 299, 284, 298, 293, 290, 279, 280, 302, 291, 291, 296, 295, 298, 295, 261, 293, 294, 269, 283, 270, 297, 301, 286, 290, 293, 275, 251, 292, 308, 303, 300, 308, 266, 293, 286, 299, 302, 282, 271, 275, 269, 273, 299, 271, 296, 297, 302, 287, 284, 287, 306, 272, 305, 256, 303, 271, 275, 303, 284, 291, 295, 297, 264, 288, 307, 270, 287, 254, 273, 263, 302, 269, 297, 274, 238, 292, 282, 267, 281, 309, 272, 313, 273, 295, 269, 286
Number of unique chromosomes (out of 100 chromosomes in total): 99
**********************************************************************
Printing generation: 51
Best chromosome in current generation with value: 187, competence: 260.000:
2, 3, 1, 2, 1, 3, 1, 1, 3, 1, 2, 3, 3, 1, 1, 2, 3, 1, 1, 2, 2, 1, 1, 1, 1, 2, 2, 1, 3, 3, 1, 3, 2, 3, 3, 3, 1, 2, 3, 1
competence values:
260, 281, 314, 259, 292, 300, 255, 290, 301, 299, 304, 303, 276, 296, 300, 271, 298, 271, 292, 298, 288, 310, 292, 301, 257, 278, 305, 306, 303, 292, 291, 294, 290, 279, 308, 275, 291, 260, 284, 286, 282, 287, 282, 254, 310, 294, 271, 293, 253, 250, 277, 298, 260, 269, 274, 300, 265, 282, 291, 277, 316, 312, 271, 304, 281, 247, 288, 302, 267, 300, 260, 293, 310, 304, 294, 303, 268, 292, 309, 303, 280, 268, 281, 292, 301, 310, 295, 280, 267, 316, 312, 303, 294, 316, 292, 314, 280, 267, 280, 285
Number of unique chromosomes (out of 100 chromosomes in total): 99
**********************************************************************
Printing generation: 61
Best chromosome in current generation with value: 170, competence: 282.000:
1, 3, 1, 2, 1, 1, 2, 2, 3, 2, 1, 3, 3, 1, 1, 2, 3, 1, 2, 2, 2, 1, 1, 1, 2, 3, 2, 3, 2, 2, 2, 3, 2, 1, 3, 3, 1, 1, 1, 3
competence values:
282, 311, 292, 280, 298, 272, 272, 309, 301, 293, 297, 294, 299, 289, 284, 305, 273, 271, 268, 299, 298, 251, 299, 285, 296, 282, 304, 304, 304, 280, 289, 273, 263, 306, 314, 310, 260, 290, 306, 280, 294, 310, 298, 259, 278, 285, 305, 304, 284, 243, 293, 295, 256, 256, 284, 269, 304, 278, 298, 317, 284, 287, 311, 305, 310, 286, 312, 309, 260, 291, 303, 293, 313, 313, 281, 296, 285, 286, 311, 298, 303, 296, 294, 247, 299, 262, 271, 276, 298, 264, 279, 295, 302, 284, 305, 278, 290, 284, 311, 309
Number of unique chromosomes (out of 100 chromosomes in total): 100
**********************************************************************
Printing generation: 71
Best chromosome in current generation with value: 185, competence: 306.000:
1, 1, 1, 3, 1, 1, 2, 2, 3, 3, 2, 2, 2, 3, 2, 1, 1, 1, 1, 2, 2, 1, 1, 1, 2, 3, 2, 3, 2, 2, 2, 3, 2, 1, 1, 3, 3, 2, 3, 1
competence values:
306, 290, 298, 287, 293, 287, 275, 287, 308, 252, 299, 304, 290, 313, 297, 296, 285, 295, 272, 304, 304, 291, 260, 284, 278, 291, 277, 293, 274, 282, 296, 277, 291, 265, 308, 295, 294, 302, 292, 278, 281, 296, 309, 263, 299, 305, 263, 288, 299, 294, 265, 272, 305, 305, 282, 311, 291, 296, 285, 279, 280, 282, 310, 301, 287, 308, 284, 288, 293, 305, 304, 270, 269, 296, 265, 291, 295, 265, 300, 264, 298, 306, 298, 297, 301, 301, 308, 293, 291, 265, 290, 295, 296, 277, 303, 262, 312, 289, 267, 277
Number of unique chromosomes (out of 100 chromosomes in total): 92
**********************************************************************
Printing generation: 81
Best chromosome in current generation with value: 176, competence: 280.000:
3, 1, 1, 2, 1, 1, 3, 2, 1, 2, 2, 2, 1, 1, 3, 3, 3, 1, 3, 3, 2, 2, 1, 1, 2, 2, 2, 2, 3, 3, 2, 3, 2, 3, 3, 3, 3, 3, 3, 1
competence values:
280, 283, 266, 286, 301, 263, 306, 290, 301, 297, 268, 266, 302, 286, 302, 285, 299, 274, 285, 294, 287, 289, 301, 304, 304, 309, 271, 304, 302, 284, 274, 311, 308, 274, 276, 280, 297, 277, 289, 308, 295, 301, 286, 299, 309, 312, 277, 303, 269, 298, 280, 290, 283, 282, 295, 307, 307, 289, 306, 313, 294, 279, 305, 303, 263, 263, 311, 302, 301, 263, 303, 296, 265, 294, 265, 248, 306, 306, 304, 280, 306, 292, 304, 295, 275, 301, 291, 280, 301, 298, 304, 309, 285, 255, 298, 276, 279, 301, 292, 269
Number of unique chromosomes (out of 100 chromosomes in total): 94
**********************************************************************
Printing generation: 91
Best chromosome in current generation with value: 196, competence: 291.000:
3, 1, 1, 3, 2, 1, 2, 2, 1, 2, 2, 2, 3, 3, 1, 3, 3, 2, 2, 1, 2, 2, 1, 1, 2, 2, 2, 3, 3, 2, 2, 3, 2, 1, 3, 3, 3, 3, 3, 1
competence values:
291, 264, 302, 304, 303, 286, 298, 309, 273, 287, 299, 286, 301, 305, 267, 277, 275, 307, 305, 302, 272, 281, 306, 273, 290, 278, 274, 304, 273, 296, 287, 277, 287, 275, 298, 283, 288, 294, 281, 294, 303, 273, 256, 300, 299, 292, 294, 266, 284, 296, 255, 294, 296, 290, 305, 293, 284, 292, 303, 275, 299, 314, 278, 303, 303, 291, 269, 287, 310, 253, 274, 275, 259, 297, 295, 300, 298, 305, 269, 312, 304, 291, 314, 301, 303, 293, 293, 302, 302, 278, 301, 309, 284, 276, 264, 284, 275, 287, 277, 298
Number of unique chromosomes (out of 100 chromosomes in total): 96
**********************************************************************
Printing generation: 101
Best chromosome in current generation with value: 179, competence: 297.000:
1, 1, 2, 3, 1, 1, 3, 1, 1, 2, 2, 2, 1, 1, 3, 3, 2, 1, 3, 1, 2, 2, 1, 1, 2, 2, 2, 1, 3, 3, 2, 3, 2, 3, 1, 3, 3, 1, 3, 1
competence values:
297, 303, 294, 290, 296, 305, 293, 294, 274, 255, 248, 279, 296, 271, 282, 299, 263, 312, 264, 258, 296, 299, 287, 309, 286, 302, 264, 258, 297, 297, 243, 276, 304, 303, 262, 290, 296, 292, 272, 306, 271, 307, 276, 304, 273, 299, 279, 286, 262, 297, 291, 271, 290, 277, 272, 287, 295, 245, 305, 305, 296, 300, 297, 264, 282, 301, 304, 281, 292, 277, 299, 295, 254, 310, 284, 299, 285, 301, 315, 284, 294, 293, 301, 300, 303, 303, 312, 263, 276, 269, 240, 300, 256, 256, 288, 302, 293, 310, 304, 308
Number of unique chromosomes (out of 100 chromosomes in total): 96
**********************************************************************
Printing generation: 111
Best chromosome in current generation with value: 183, competence: 293.000:
1, 1, 2, 3, 1, 1, 1, 1, 1, 2, 2, 2, 2, 3, 3, 3, 3, 2, 2, 1, 2, 2, 1, 1, 2, 2, 3, 1, 3, 2, 2, 3, 2, 3, 1, 3, 3, 2, 3, 1
competence values:
293, 301, 279, 301, 293, 286, 282, 282, 307, 300, 312, 311, 292, 285, 269, 286, 303, 310, 280, 274, 292, 293, 255, 275, 311, 296, 297, 281, 294, 274, 301, 268, 300, 284, 314, 282, 268, 301, 281, 316, 292, 305, 299, 297, 260, 251, 290, 287, 299, 284, 299, 305, 283, 301, 300, 297, 252, 300, 284, 293, 272, 304, 263, 292, 273, 256, 284, 252, 297, 278, 295, 268, 260, 303, 274, 263, 306, 302, 303, 286, 298, 288, 279, 308, 294, 302, 279, 301, 300, 307, 295, 287, 283, 284, 296, 273, 286, 298, 279, 313
Number of unique chromosomes (out of 100 chromosomes in total): 96
**********************************************************************
Printing generation: 121
Best chromosome in current generation with value: 174, competence: 272.000:
1, 1, 2, 3, 1, 1, 3, 1, 1, 2, 2, 2, 3, 3, 3, 3, 1, 1, 3, 1, 2, 2, 1, 1, 2, 2, 2, 1, 3, 3, 2, 3, 2, 3, 1, 3, 3, 2, 3, 1
competence values:
272, 271, 283, 292, 291, 291, 292, 300, 314, 292, 292, 299, 313, 295, 301, 313, 284, 307, 285, 312, 292, 268, 284, 287, 311, 292, 309, 298, 271, 284, 305, 307, 289, 316, 302, 275, 254, 285, 296, 290, 295, 285, 298, 295, 294, 300, 285, 301, 296, 301, 305, 314, 314, 313, 309, 304, 295, 312, 291, 310, 291, 307, 299, 284, 299, 308, 259, 313, 294, 300, 284, 287, 300, 293, 297, 305, 303, 284, 288, 307, 254, 301, 270, 294, 304, 304, 279, 296, 297, 298, 279, 296, 292, 283, 275, 275, 294, 295, 315, 280
Number of unique chromosomes (out of 100 chromosomes in total): 96
**********************************************************************
Printing generation: 131
Best chromosome in current generation with value: 207, competence: 310.000:
3, 1, 2, 3, 1, 1, 1, 1, 1, 2, 2, 2, 2, 3, 3, 2, 3, 2, 2, 1, 2, 2, 1, 1, 2, 2, 2, 1, 3, 3, 2, 3, 2, 2, 3, 3, 3, 2, 3, 1
competence values:
310, 265, 309, 276, 300, 294, 308, 277, 295, 296, 286, 309, 297, 307, 303, 303, 284, 303, 303, 308, 294, 307, 314, 286, 295, 311, 285, 299, 282, 294, 298, 278, 271, 311, 294, 296, 305, 286, 298, 298, 310, 297, 265, 286, 299, 301, 284, 297, 289, 296, 309, 313, 265, 273, 283, 308, 299, 310, 310, 300, 302, 300, 283, 298, 272, 289, 299, 286, 299, 286, 294, 297, 303, 282, 312, 257, 296, 302, 286, 301, 300, 307, 302, 279, 311, 269, 293, 284, 300, 300, 285, 295, 300, 314, 292, 295, 313, 311, 285, 299
Number of unique chromosomes (out of 100 chromosomes in total): 94
**********************************************************************
Printing generation: 141
Best chromosome in current generation with value: 191, competence: 245.000:
1, 1, 2, 3, 2, 1, 3, 1, 1, 2, 2, 2, 2, 3, 1, 3, 1, 2, 2, 1, 2, 2, 1, 1, 2, 2, 2, 1, 1, 3, 2, 3, 3, 2, 3, 3, 3, 2, 3, 1
competence values:
245, 303, 287, 294, 303, 279, 285, 288, 300, 290, 271, 300, 286, 292, 296, 296, 274, 263, 271, 296, 285, 303, 292, 315, 314, 298, 273, 300, 271, 286, 304, 293, 286, 289, 278, 300, 297, 305, 287, 293, 262, 283, 283, 281, 302, 297, 303, 289, 292, 292, 291, 283, 283, 288, 292, 300, 316, 282, 290, 300, 295, 307, 300, 289, 296, 259, 300, 300, 288, 303, 285, 294, 311, 300, 289, 281, 274, 289, 292, 295, 274, 274, 290, 275, 299, 288, 295, 299, 290, 271, 285, 288, 296, 281, 289, 296, 286, 269, 293, 306
Number of unique chromosomes (out of 100 chromosomes in total): 95
**********************************************************************
Printing generation: 151
Best chromosome in current generation with value: 197, competence: 300.000:
2, 1, 2, 3, 1, 1, 1, 3, 1, 2, 2, 2, 3, 1, 3, 3, 1, 2, 2, 1, 2, 2, 1, 1, 2, 2, 2, 1, 3, 2, 2, 3, 2, 2, 3, 3, 3, 3, 3, 1
competence values:
300, 290, 288, 287, 301, 278, 313, 287, 303, 303, 311, 302, 304, 313, 269, 297, 301, 291, 298, 307, 299, 305, 293, 268, 262, 300, 302, 296, 263, 313, 312, 310, 302, 285, 288, 288, 296, 305, 311, 290, 292, 282, 279, 290, 301, 269, 278, 301, 317, 288, 300, 303, 299, 268, 314, 311, 310, 306, 273, 286, 298, 296, 294, 286, 301, 297, 307, 290, 308, 308, 304, 303, 301, 287, 285, 284, 272, 287, 303, 279, 278, 300, 310, 289, 284, 311, 280, 303, 273, 285, 276, 304, 302, 278, 300, 288, 296, 268, 299, 293
Number of unique chromosomes (out of 100 chromosomes in total): 89
**********************************************************************
New best solution found in generation: 153
Best chromosome in current generation with value: 159, competence: 311.000:
1, 1, 2, 3, 1, 1, 3, 2, 1, 2, 2, 2, 3, 3, 1, 3, 3, 2, 2, 1, 2, 2, 1, 1, 2, 2, 2, 1, 1, 3, 2, 3, 3, 2, 3, 3, 1, 1, 3, 1
competence values:
311, 263, 313, 296, 299, 286, 279, 310, 257, 284, 316, 290, 311, 287, 296, 317, 289, 298, 301, 288, 299, 300, 298, 313, 289, 299, 305, 288, 297, 311, 311, 301, 285, 299, 307, 303, 313, 303, 287, 302, 273, 314, 296, 311, 303, 288, 296, 294, 304, 287, 279, 300, 276, 309, 307, 301, 308, 302, 305, 317, 275, 298, 307, 272, 291, 306, 286, 278, 310, 288, 258, 296, 310, 294, 290, 304, 301, 310, 303, 278, 317, 290, 263, 305, 280, 288, 286, 307, 304, 282, 286, 294, 286, 296, 294, 278, 294, 296, 293, 314
Number of unique chromosomes (out of 100 chromosomes in total): 95
-----------------------------------------
Overall number of generations created: 153
Number of seconds elapsed: 1.897
The final solution:
m1 : J23(1, 1), J20(3, 1), J37(3, 1), J9(4, 1), J29(9, 1), J15(11, 1), J24(11, 1), J38(11, 1), J1(15, 1), J40(17, 1), J2(18, 1), J5(18, 1), J6(18, 1), J28(20, 1) 	 sum: 159, types: 1
m2 : J18(3, 1), J11(5, 1), J34(5, 1), J25(6, 1), J31(7, 1), J21(8, 1), J8(10, 1), J22(10, 1), J10(11, 1), J12(17, 1), J19(18, 1), J26(19, 1), J27(19, 1), J3(20, 1) 	 sum: 158, types: 1
m3 : J35(6, 1), J17(8, 1), J14(10, 1), J7(11, 1), J39(11, 1), J32(13, 1), J13(14, 1), J4(17, 1), J16(17, 1), J30(17, 1), J33(17, 1), J36(18, 1) 	 sum: 159, types: 1

Objective function's value: max{159, 158, 159} = 159
*Lower bound (not necessarily tight): 159

**output format:
	m_k is the k'th machine.
	J_i(P, T, M) is the i'th job with processing time P, of type T, and is assigned to machine M (marked as '?' when unassigned).