The problem had 40 jobs that needed to be scheduled on 3 machines.
**********************************************************************
printing Initial generation:
Best chromosome in current generation with value: 154, competence: 238.000:
1, 2, 3, 1, 2, 3, 1, 2, 3, 1, 2, 3, 1, 2, 3, 1, 2, 3, 1, 2, 3, 1, 2, 3, 1, 2, 3, 1, 2, 3, 1, 2, 3, 1, 2, 3, 1, 2, 3, 1
competence values:
238, 252, 241, 246, 205, 258, 216, 239, 249, 245, 240, 214, 245, 234, 231, 215, 201, 218, 237, 234, 239, 243, 219, 232, 198, 236, 229, 253, 253, 224, 156, 245, 146, 222, 195, 210, 223, 206, 221, 245, 238, 206, 241, 227, 183, 233, 210, 237, 210, 223, 210, 198, 193, 242, 214, 197, 208, 212, 255, 231, 211, 249, 216, 241, 238, 230, 238, 243, 255, 242, 239, 189, 221, 239, 209, 234, 209, 227, 224, 240, 166, 210, 220, 227, 255, 258, 207, 224, 244, 246, 246, 222, 206, 214, 256, 223, 227, 224, 215, 223
Number of unique chromosomes (out of 100 chromosomes in total): 100
**********************************************************************
New best solution found in generation: 2
Best chromosome in current generation with value: 151, competence: 238.000:
3, 3, 1, 1, 3, 1, 1, 3, 3, 3, 3, 2, 1, 1, 2, 1, 2, 2, 3, 2, 2, 2, 1, 3, 2, 1, 3, 1, 2, 2, 1, 2, 2, 1, 1, 1, 3, 3, 1, 1
competence values:
238, 252, 241, 246, 205, 258, 216, 239, 249, 245, 240, 214, 245, 234, 231, 215, 201, 218, 237, 234, 239, 243, 219, 232, 198, 236, 229, 253, 253, 224, 156, 245, 146, 222, 195, 210, 223, 206, 221, 245, 238, 206, 241, 227, 183, 233, 210, 237, 210, 223, 210, 198, 193, 242, 214, 197, 208, 212, 255, 231, 211, 249, 216, 241, 238, 230, 238, 243, 255, 242, 239, 189, 221, 239, 209, 234, 209, 227, 224, 240, 166, 210, 220, 227, 255, 258, 207, 224, 244, 246, 246, 222, 206, 214, 256, 223, 227, 224, 215, 223
Number of unique chromosomes (out of 100 chromosomes in total): 100
**********************************************************************
New best solution found in generation: 9
Best chromosome in current generation with value: 146, competence: 202.000:
2, 3, 3, 2, 3, 3, 2, 1, 1, 2, 2, 2, 3, 1, 3, 1, 1, 3, 1, 3, 1, 3, 3, 2, 3, 1, 2, 3, 3, 2, 1, 3, 3, 3, 2, 1, 1, 1, 2, 2
competence values:
202, 244, 222, 254, 225, 247, 214, 218, 218, 252, 207, 260, 235, 244, 239, 232, 200, 243, 241, 201, 230, 259, 259, 200, 206, 255, 220, 242, 219, 212, 233, 249, 235, 254, 218, 226, 246, 221, 155, 217, 192, 222, 248, 220, 244, 254, 213, 219, 244, 238, 217, 209, 236, 227, 225, 201, 227, 236, 200, 226, 209, 233, 232, 227, 232, 214, 200, 233, 250, 255, 252, 209, 219, 200, 221, 257, 241, 244, 235, 242, 248, 238, 224, 217, 183, 187, 242, 214, 235, 257, 251, 225, 241, 253, 256, 238, 236, 243, 237, 250
Number of unique chromosomes (out of 100 chromosomes in total): 98
**********************************************************************
Printing generation: 11
Best chromosome in current generation with value: 175, competence: 240.000:
2, 2, 2, 1, 1, 2, 1, 1, 2, 1, 2, 3, 1, 1, 2, 2, 3, 2, 3, 2, 2, 3, 1, 2, 3, 3, 1, 2, 2, 1, 2, 3, 2, 2, 3, 1, 3, 3, 1, 3
competence values:
240, 247, 235, 210, 191, 233, 232, 241, 237, 235, 238, 226, 228, 228, 212, 251, 232, 234, 234, 186, 245, 230, 222, 252, 223, 229, 190, 237, 246, 250, 226, 238, 237, 215, 220, 202, 225, 192, 232, 255, 233, 231, 237, 233, 184, 247, 242, 254, 232, 227, 217, 233, 204, 251, 255, 219, 244, 231, 210, 251, 222, 236, 171, 250, 243, 235, 256, 239, 236, 231, 237, 244, 229, 254, 228, 246, 250, 247, 219, 248, 207, 205, 254, 224, 216, 222, 236, 198, 245, 260, 235, 249, 218, 247, 239, 221, 240, 240, 235, 253
Number of unique chromosomes (out of 100 chromosomes in total): 100
**********************************************************************
Printing generation: 21
Best chromosome in current generation with value: 182, competence: 234.000:
1, 2, 3, 3, 2, 2, 2, 2, 1, 2, 3, 2, 3, 2, 2, 3, 2, 3, 1, 3, 3, 1, 3, 2, 2, 3, 2, 2, 1, 3, 1, 2, 2, 1, 3, 3, 3, 1, 2, 2
competence values:
234, 229, 210, 187, 252, 241, 236, 242, 252, 236, 214, 249, 237, 208, 257, 245, 243, 242, 245, 241, 229, 250, 242, 235, 239, 241, 233, 212, 250, 210, 227, 234, 237, 225, 253, 248, 244, 187, 257, 208, 253, 244, 232, 249, 240, 218, 190, 213, 241, 226, 258, 238, 218, 232, 230, 241, 233, 233, 214, 243, 215, 238, 208, 206, 200, 246, 242, 206, 220, 255, 252, 242, 226, 241, 246, 233, 229, 229, 218, 237, 232, 231, 216, 240, 246, 254, 239, 217, 252, 244, 230, 175, 243, 257, 234, 234, 207, 235, 237, 247
Number of unique chromosomes (out of 100 chromosomes in total): 98
**********************************************************************
New best solution found in generation: 22
Best chromosome in current generation with value: 133, competence: 210.000:
2, 2, 2, 2, 3, 3, 3, 1, 1, 1, 2, 3, 3, 2, 3, 3, 1, 3, 1, 3, 3, 1, 3, 2, 2, 3, 2, 1, 2, 1, 1, 1, 2, 3, 2, 1, 3, 1, 3, 2
competence values:
210, 249, 237, 208, 249, 237, 239, 235, 253, 198, 190, 231, 259, 193, 228, 201, 210, 240, 212, 238, 227, 246, 168, 257, 245, 249, 247, 231, 256, 209, 249, 221, 239, 238, 201, 250, 246, 209, 222, 215, 251, 192, 232, 236, 230, 218, 213, 232, 257, 241, 238, 246, 227, 250, 239, 224, 255, 227, 251, 195, 235, 215, 227, 250, 175, 229, 232, 239, 248, 217, 244, 236, 253, 237, 259, 259, 192, 246, 220, 211, 244, 246, 245, 183, 253, 246, 250, 198, 240, 201, 230, 238, 218, 253, 228, 241, 224, 236, 244, 250
Number of unique chromosomes (out of 100 chromosomes in total): 99
**********************************************************************
Printing generation: 31
Best chromosome in current generation with value: 159, competence: 233.000:
2, 2, 2, 2, 3, 3, 1, 2, 1, 2, 3, 2, 3, 2, 1, 3, 1, 3, 1, 3, 1, 3, 3, 3, 3, 1, 2, 2, 2, 1, 2, 3, 2, 2, 1, 2, 3, 1, 2, 1
competence values:
233, 228, 221, 218, 254, 221, 232, 235, 227, 241, 240, 230, 233, 237, 232, 237, 240, 176, 202, 254, 251, 207, 249, 230, 244, 226, 221, 210, 227, 251, 244, 245, 219, 234, 240, 215, 237, 256, 244, 250, 257, 244, 235, 242, 242, 236, 239, 221, 227, 203, 252, 229, 181, 229, 255, 228, 227, 227, 228, 223, 235, 228, 240, 237, 247, 191, 252, 239, 239, 244, 257, 167, 243, 255, 231, 235, 227, 244, 239, 253, 225, 227, 226, 200, 247, 235, 221, 222, 236, 236, 236, 243, 228, 238, 219, 243, 239, 247, 245, 232
Number of unique chromosomes (out of 100 chromosomes in total): 97
**********************************************************************
Printing generation: 41
Best chromosome in current generation with value: 208, competence: 250.000:
2, 2, 3, 3, 2, 2, 2, 2, 1, 1, 3, 2, 2, 1, 3, 1, 1, 1, 2, 2, 3, 1, 3, 2, 2, 2, 2, 2, 3, 1, 2, 3, 2, 1, 2, 2, 2, 2, 3, 1
competence values:
250, 213, 257, 235, 190, 210, 251, 248, 207, 246, 209, 244, 230, 235, 220, 205, 247, 242, 241, 223, 236, 231, 243, 227, 217, 192, 236, 255, 233, 256, 241, 255, 244, 222, 204, 218, 205, 224, 248, 237, 205, 222, 234, 220, 222, 248, 247, 244, 229, 236, 236, 238, 237, 231, 200, 210, 213, 236, 245, 250, 250, 237, 219, 222, 243, 251, 235, 241, 200, 243, 210, 225, 234, 210, 177, 234, 219, 232, 177, 177, 195, 231, 227, 237, 242, 229, 195, 208, 236, 236, 192, 229, 241, 227, 228, 254, 191, 240, 227, 197
Number of unique chromosomes (out of 100 chromosomes in total): 96
**********************************************************************
Printing generation: 51
Best chromosome in current generation with value: 147, competence: 238.000:
3, 2, 3, 2, 1, 2, 3, 1, 1, 2, 3, 2, 3, 2, 3, 3, 1, 3, 1, 3, 3, 1, 3, 2, 3, 1, 2, 1, 1, 3, 2, 3, 2, 1, 2, 1, 2, 2, 3, 1
competence values:
238, 214, 245, 237, 252, 250, 259, 233, 214, 230, 244, 246, 252, 225, 244, 242, 221, 228, 213, 241, 227, 214, 223, 216, 246, 233, 235, 241, 225, 235, 254, 254, 237, 245, 247, 234, 208, 187, 237, 170, 223, 215, 230, 252, 230, 251, 226, 255, 212, 247, 214, 237, 240, 228, 238, 212, 253, 236, 239, 244, 237, 249, 232, 248, 246, 210, 252, 233, 241, 235, 233, 232, 239, 220, 244, 249, 240, 245, 223, 252, 240, 237, 230, 220, 230, 242, 233, 244, 252, 244, 208, 252, 248, 226, 242, 240, 215, 211, 249, 236
Number of unique chromosomes (out of 100 chromosomes in total): 98
**********************************************************************
Printing generation: 61
Best chromosome in current generation with value: 146, competence: 252.000:
3, 2, 1, 2, 3, 3, 3, 1, 1, 2, 2, 3, 3, 2, 1, 1, 1, 3, 1, 3, 3, 1, 3, 2, 2, 2, 2, 2, 1, 3, 1, 1, 2, 1, 2, 1, 3, 1, 2, 2
competence values:
252, 229, 225, 232, 238, 251, 248, 239, 237, 251, 260, 251, 240, 227, 229, 178, 247, 240, 240, 253, 224, 245, 242, 195, 208, 209, 238, 204, 216, 241, 225, 258, 254, 215, 249, 248, 231, 243, 247, 228, 242, 240, 248, 246, 253, 245, 217, 240, 210, 241, 231, 242, 241, 247, 241, 256, 234, 253, 250, 237, 236, 252, 245, 253, 260, 257, 213, 224, 239, 239, 252, 241, 249, 252, 235, 241, 228, 230, 242, 249, 242, 234, 241, 237, 224, 214, 252, 249, 230, 258, 241, 226, 241, 233, 229, 250, 258, 252, 249, 229
Number of unique chromosomes (out of 100 chromosomes in total): 97
**********************************************************************
Printing generation: 71
Best chromosome in current generation with value: 164, competence: 225.000:
1, 2, 3, 2, 1, 3, 2, 3, 1, 2, 2, 3, 3, 2, 1, 3, 1, 3, 2, 2, 3, 1, 1, 2, 2, 1, 2, 1, 2, 3, 1, 1, 2, 1, 2, 1, 2, 2, 3, 1
competence values:
225, 240, 241, 250, 239, 205, 225, 258, 249, 194, 237, 240, 245, 233, 224, 235, 252, 244, 230, 217, 258, 241, 233, 212, 249, 178, 235, 250, 247, 255, 237, 256, 251, 224, 230, 238, 225, 254, 251, 239, 202, 249, 256, 208, 243, 256, 221, 224, 204, 246, 258, 245, 255, 234, 253, 252, 245, 244, 224, 248, 237, 258, 220, 243, 232, 231, 254, 196, 227, 248, 224, 234, 241, 236, 256, 225, 246, 237, 228, 255, 257, 241, 221, 244, 233, 246, 240, 227, 228, 250, 218, 215, 243, 233, 254, 216, 248, 235, 257, 241
Number of unique chromosomes (out of 100 chromosomes in total): 98
**********************************************************************
Printing generation: 81
Best chromosome in current generation with value: 170, competence: 233.000:
3, 1, 3, 2, 1, 3, 2, 1, 1, 2, 3, 2, 3, 2, 1, 3, 1, 3, 2, 2, 3, 1, 1, 2, 2, 2, 2, 2, 2, 1, 2, 3, 2, 1, 2, 1, 3, 1, 1, 2
competence values:
233, 233, 244, 248, 240, 227, 229, 260, 248, 244, 248, 248, 222, 247, 240, 232, 246, 237, 221, 239, 243, 244, 230, 232, 244, 205, 236, 253, 231, 249, 244, 241, 247, 251, 249, 245, 239, 213, 240, 208, 239, 255, 226, 252, 238, 239, 249, 234, 212, 225, 248, 256, 215, 253, 259, 222, 238, 222, 248, 237, 254, 260, 225, 247, 235, 234, 215, 237, 240, 232, 248, 247, 233, 229, 239, 221, 223, 217, 222, 240, 237, 255, 214, 232, 260, 248, 231, 255, 240, 186, 238, 238, 248, 251, 229, 235, 226, 244, 226, 257
Number of unique chromosomes (out of 100 chromosomes in total): 98
**********************************************************************
Printing generation: 91
Best chromosome in current generation with value: 166, competence: 248.000:
3, 1, 3, 2, 1, 3, 1, 3, 1, 2, 2, 3, 3, 2, 1, 3, 1, 3, 2, 3, 3, 1, 1, 2, 2, 1, 2, 2, 3, 3, 1, 1, 2, 1, 3, 1, 2, 1, 3, 1
competence values:
248, 226, 227, 222, 217, 243, 240, 228, 233, 236, 235, 242, 240, 251, 253, 246, 239, 240, 254, 233, 256, 224, 248, 233, 254, 239, 244, 211, 241, 253, 253, 245, 241, 251, 242, 235, 246, 246, 241, 227, 229, 246, 244, 260, 253, 244, 249, 220, 235, 217, 237, 247, 223, 234, 225, 252, 254, 257, 234, 222, 241, 256, 237, 251, 244, 244, 254, 237, 252, 247, 254, 249, 257, 247, 231, 226, 242, 244, 240, 251, 227, 225, 242, 249, 248, 246, 226, 255, 241, 245, 236, 227, 241, 240, 227, 244, 252, 248, 246, 248
Number of unique chromosomes (out of 100 chromosomes in total): 94
**********************************************************************
Printing generation: 101
Best chromosome in current generation with value: 155, competence: 256.000:
2, 2, 3, 2, 3, 3, 2, 3, 1, 2, 2, 3, 3, 2, 1, 3, 1, 3, 1, 3, 3, 1, 3, 2, 2, 2, 2, 1, 3, 2, 1, 2, 2, 1, 3, 1, 2, 1, 3, 1
competence values:
256, 230, 247, 238, 238, 233, 238, 238, 244, 233, 238, 248, 249, 226, 247, 227, 249, 235, 247, 239, 256, 246, 254, 237, 225, 235, 255, 252, 227, 222, 235, 232, 239, 249, 170, 227, 254, 232, 230, 237, 216, 244, 248, 253, 214, 212, 230, 255, 246, 227, 213, 240, 231, 220, 255, 246, 215, 232, 177, 237, 249, 245, 254, 244, 245, 237, 233, 232, 246, 229, 238, 253, 246, 247, 244, 225, 173, 221, 244, 246, 190, 227, 203, 253, 239, 249, 245, 246, 233, 232, 228, 240, 241, 225, 223, 228, 246, 226, 234, 244
Number of unique chromosomes (out of 100 chromosomes in total): 98
**********************************************************************
New best solution found in generation: 102
Best chromosome in current generation with value: 132, competence: 237.000:
1, 2, 3, 2, 1, 3, 2, 3, 1, 2, 2, 3, 3, 2, 1, 3, 2, 3, 1, 3, 3, 1, 3, 2, 2, 2, 2, 2, 3, 3, 1, 1, 2, 1, 3, 1, 3, 1, 3, 1
competence values:
237, 254, 196, 200, 247, 231, 238, 230, 229, 247, 221, 247, 225, 256, 229, 255, 240, 233, 212, 235, 254, 245, 255, 234, 245, 245, 234, 238, 248, 214, 226, 234, 251, 246, 245, 251, 210, 244, 246, 239, 257, 236, 246, 255, 247, 245, 247, 211, 244, 255, 183, 227, 249, 191, 231, 232, 256, 228, 232, 251, 202, 254, 222, 244, 255, 218, 248, 240, 243, 214, 237, 232, 237, 252, 246, 246, 233, 232, 245, 235, 210, 234, 232, 238, 255, 244, 233, 251, 252, 252, 249, 253, 241, 247, 246, 242, 237, 259, 244, 246
Number of unique chromosomes (out of 100 chromosomes in total): 94
**********************************************************************
Printing generation: 111
Best chromosome in current generation with value: 153, competence: 242.000:
3, 2, 1, 2, 1, 3, 2, 1, 1, 2, 2, 3, 3, 2, 1, 3, 1, 3, 1, 3, 3, 1, 3, 2, 2, 1, 2, 2, 3, 2, 2, 1, 2, 1, 2, 1, 3, 1, 3, 1
competence values:
242, 237, 235, 241, 253, 250, 251, 227, 232, 234, 223, 222, 238, 232, 246, 257, 245, 233, 245, 255, 260, 244, 244, 234, 237, 257, 249, 217, 249, 226, 241, 235, 233, 234, 255, 241, 233, 244, 253, 227, 247, 234, 236, 245, 244, 255, 255, 255, 253, 241, 254, 252, 238, 248, 252, 244, 242, 258, 227, 234, 230, 245, 231, 235, 250, 246, 235, 213, 256, 247, 251, 219, 237, 247, 236, 232, 253, 245, 257, 223, 237, 231, 234, 257, 236, 215, 228, 251, 246, 237, 239, 241, 234, 255, 255, 218, 233, 226, 252, 223
Number of unique chromosomes (out of 100 chromosomes in total): 94
**********************************************************************
Printing generation: 121
Best chromosome in current generation with value: 141, competence: 238.000:
3, 2, 3, 2, 3, 3, 2, 3, 1, 2, 2, 3, 3, 2, 1, 3, 1, 3, 1, 3, 3, 1, 3, 2, 2, 2, 2, 2, 3, 2, 1, 2, 2, 1, 3, 1, 2, 1, 3, 1
competence values:
238, 246, 233, 234, 218, 251, 252, 235, 250, 255, 250, 252, 255, 217, 248, 239, 254, 252, 239, 252, 239, 249, 244, 250, 233, 257, 251, 250, 245, 251, 249, 254, 251, 247, 238, 230, 253, 245, 251, 230, 230, 252, 247, 246, 247, 239, 257, 253, 248, 252, 251, 221, 249, 239, 239, 239, 237, 257, 250, 231, 251, 241, 248, 207, 251, 251, 246, 239, 229, 249, 243, 224, 251, 203, 254, 243, 244, 245, 233, 235, 244, 251, 239, 238, 242, 228, 247, 244, 241, 254, 242, 252, 257, 237, 232, 255, 244, 249, 250, 237
Number of unique chromosomes (out of 100 chromosomes in total): 90
**********************************************************************
Printing generation: 131
Best chromosome in current generation with value: 154, competence: 253.000:
3, 2, 3, 2, 1, 3, 2, 3, 1, 2, 2, 1, 3, 2, 1, 3, 1, 3, 1, 3, 3, 1, 3, 2, 2, 1, 2, 2, 2, 2, 1, 2, 2, 1, 3, 1, 2, 1, 3, 2
competence values:
253, 226, 239, 227, 250, 237, 225, 239, 220, 252, 253, 244, 251, 251, 237, 250, 259, 240, 246, 252, 247, 235, 251, 240, 250, 225, 230, 230, 247, 244, 225, 232, 233, 250, 250, 252, 252, 245, 246, 240, 251, 226, 255, 260, 252, 250, 254, 239, 239, 261, 224, 249, 225, 225, 240, 255, 254, 227, 245, 238, 250, 235, 255, 244, 242, 257, 251, 239, 226, 257, 244, 227, 241, 256, 231, 235, 249, 226, 259, 230, 231, 244, 252, 251, 246, 250, 218, 246, 257, 250, 250, 240, 237, 244, 244, 250, 251, 257, 225, 246
Number of unique chromosomes (out of 100 chromosomes in total): 81
**********************************************************************
Printing generation: 141
Best chromosome in current generation with value: 168, competence: 225.000:
3, 2, 1, 2, 1, 3, 2, 3, 1, 1, 2, 3, 3, 2, 1, 3, 1, 3, 1, 3, 3, 1, 3, 2, 2, 1, 2, 2, 3, 2, 1, 2, 2, 1, 3, 1, 3, 1, 3, 1
competence values:
225, 247, 246, 256, 247, 244, 255, 242, 255, 234, 258, 255, 238, 257, 249, 251, 244, 242, 255, 242, 255, 256, 224, 244, 250, 242, 249, 251, 238, 256, 252, 256, 250, 250, 249, 225, 249, 231, 233, 245, 258, 258, 250, 246, 255, 250, 256, 224, 242, 247, 250, 256, 244, 243, 242, 244, 244, 253, 228, 245, 246, 228, 233, 257, 245, 244, 251, 258, 242, 255, 253, 253, 245, 239, 255, 239, 242, 259, 237, 244, 248, 248, 250, 245, 244, 244, 256, 250, 259, 250, 239, 249, 251, 245, 251, 236, 230, 252, 255, 248
Number of unique chromosomes (out of 100 chromosomes in total): 73
**********************************************************************
Printing generation: 151
Best chromosome in current generation with value: 144, competence: 243.000:
3, 3, 1, 2, 3, 3, 2, 3, 1, 2, 2, 3, 3, 2, 1, 3, 1, 3, 1, 3, 3, 1, 3, 2, 2, 1, 2, 2, 3, 2, 1, 2, 2, 1, 3, 1, 2, 1, 3, 1
competence values:
243, 243, 251, 244, 250, 255, 237, 250, 251, 250, 256, 242, 248, 252, 235, 242, 255, 253, 248, 255, 252, 248, 230, 256, 217, 244, 258, 255, 255, 256, 256, 255, 255, 255, 251, 256, 244, 250, 248, 248, 253, 252, 253, 222, 248, 251, 250, 251, 257, 256, 250, 244, 248, 248, 217, 250, 250, 219, 242, 256, 253, 248, 248, 252, 248, 244, 246, 259, 238, 237, 243, 242, 252, 230, 245, 250, 255, 244, 242, 247, 236, 242, 256, 235, 230, 244, 252, 238, 257, 250, 255, 243, 244, 250, 255, 252, 250, 244, 256, 238
Number of unique chromosomes (out of 100 chromosomes in total): 77
**********************************************************************
Printing generation: 161
Best chromosome in current generation with value: 155, competence: 256.000:
3, 2, 1, 2, 1, 3, 2, 3, 1, 2, 2, 3, 3, 2, 1, 3, 1, 3, 1, 3, 3, 1, 1, 2, 2, 2, 2, 2, 3, 2, 2, 2, 2, 1, 3, 1, 2, 1, 3, 1
competence values:
256, 253, 257, 247, 255, 236, 261, 252, 245, 237, 254, 244, 237, 255, 258, 250, 251, 251, 250, 236, 255, 251, 252, 257, 237, 242, 250, 251, 253, 244, 242, 235, 239, 250, 245, 237, 252, 237, 257, 251, 245, 250, 242, 258, 251, 242, 247, 253, 250, 243, 245, 242, 237, 250, 244, 253, 251, 256, 237, 251, 242, 250, 245, 242, 251, 237, 250, 255, 253, 251, 239, 250, 251, 259, 255, 237, 256, 255, 253, 250, 252, 247, 251, 242, 253, 253, 250, 244, 257, 237, 249, 257, 255, 251, 244, 251, 244, 237, 244, 250
Number of unique chromosomes (out of 100 chromosomes in total): 70
**********************************************************************
Printing generation: 171
Best chromosome in current generation with value: 146, competence: 260.000:
3, 2, 1, 2, 3, 3, 2, 3, 1, 2, 2, 3, 3, 2, 1, 3, 1, 3, 1, 3, 3, 1, 3, 2, 2, 1, 2, 2, 3, 2, 1, 2, 2, 1, 3, 1, 1, 1, 3, 1
competence values:
260, 234, 255, 256, 245, 252, 258, 247, 250, 250, 255, 253, 256, 259, 255, 242, 251, 252, 257, 253, 253, 253, 255, 257, 258, 253, 250, 256, 239, 247, 250, 248, 253, 250, 256, 248, 253, 254, 259, 247, 259, 252, 251, 247, 257, 248, 244, 247, 248, 250, 253, 244, 247, 252, 250, 242, 253, 250, 250, 244, 237, 250, 258, 245, 250, 257, 255, 247, 252, 252, 255, 247, 257, 255, 250, 248, 252, 250, 259, 250, 253, 255, 253, 245, 250, 244, 260, 247, 244, 250, 256, 252, 253, 253, 237, 239, 245, 245, 253, 253
Number of unique chromosomes (out of 100 chromosomes in total): 64
**********************************************************************
Printing generation: 181
Best chromosome in current generation with value: 149, competence: 250.000:
3, 2, 3, 2, 3, 3, 1, 3, 1, 2, 2, 3, 3, 2, 1, 3, 1, 3, 1, 2, 3, 1, 1, 2, 2, 1, 2, 2, 3, 2, 1, 2, 2, 1, 3, 1, 3, 1, 3, 1
competence values:
250, 234, 260, 255, 255, 253, 251, 244, 247, 256, 255, 255, 251, 233, 253, 244, 237, 253, 253, 256, 224, 257, 244, 244, 242, 252, 255, 253, 244, 233, 252, 253, 244, 253, 252, 250, 255, 253, 253, 259, 255, 260, 247, 252, 250, 244, 244, 242, 234, 255, 244, 253, 250, 252, 247, 251, 252, 252, 255, 250, 253, 253, 252, 255, 242, 245, 259, 250, 255, 247, 255, 244, 256, 244, 244, 248, 260, 237, 252, 244, 244, 253, 234, 261, 253, 244, 244, 256, 244, 237, 256, 244, 252, 250, 253, 259, 244, 259, 255, 253
Number of unique chromosomes (out of 100 chromosomes in total): 45
**********************************************************************
Printing generation: 191
Best chromosome in current generation with value: 139, competence: 243.000:
3, 2, 1, 3, 1, 3, 2, 3, 1, 2, 2, 3, 3, 2, 1, 3, 1, 3, 1, 3, 3, 1, 3, 2, 2, 1, 2, 1, 3, 2, 2, 2, 2, 3, 3, 1, 3, 1, 3, 1
competence values:
243, 244, 261, 253, 244, 248, 258, 248, 253, 253, 244, 261, 251, 261, 256, 251, 244, 248, 251, 244, 253, 253, 259, 256, 250, 244, 260, 253, 248, 253, 244, 248, 244, 253, 253, 248, 244, 256, 244, 243, 253, 253, 256, 259, 259, 253, 252, 242, 244, 256, 256, 255, 229, 252, 242, 245, 261, 247, 244, 243, 244, 247, 253, 255, 245, 246, 253, 253, 253, 253, 248, 250, 244, 253, 253, 244, 244, 253, 253, 259, 250, 252, 253, 253, 253, 251, 232, 253, 248, 253, 256, 253, 253, 253, 253, 256, 253, 253, 257, 259
Number of unique chromosomes (out of 100 chromosomes in total): 45
**********************************************************************
Printing generation: 201
Best chromosome in current generation with value: 135, competence: 253.000:
3, 2, 1, 2, 1, 3, 2, 3, 1, 2, 2, 3, 3, 2, 1, 3, 1, 3, 1, 3, 3, 1, 3, 2, 2, 2, 2, 2, 3, 2, 1, 2, 2, 3, 3, 1, 3, 1, 3, 1
competence values:
253, 253, 253, 246, 246, 256, 252, 255, 253, 253, 261, 248, 252, 259, 252, 253, 255, 256, 253, 252, 253, 255, 244, 253, 252, 248, 252, 259, 246, 256, 253, 252, 253, 252, 253, 253, 244, 252, 253, 253, 256, 253, 253, 253, 250, 241, 252, 244, 253, 253, 250, 253, 253, 244, 254, 253, 250, 250, 257, 250, 253, 250, 253, 244, 250, 252, 253, 253, 248, 244, 258, 253, 251, 253, 253, 244, 253, 257, 261, 257, 253, 253, 253, 255, 255, 253, 250, 253, 253, 244, 240, 250, 253, 250, 253, 253, 257, 244, 253, 252
Number of unique chromosomes (out of 100 chromosomes in total): 33
**********************************************************************
Printing generation: 211
Best chromosome in current generation with value: 148, competence: 252.000:
3, 2, 1, 2, 1, 3, 2, 3, 1, 2, 2, 3, 3, 2, 1, 2, 1, 3, 1, 3, 3, 1, 3, 2, 2, 1, 2, 2, 3, 2, 1, 2, 2, 1, 3, 1, 3, 1, 2, 1
competence values:
252, 249, 252, 244, 261, 253, 249, 253, 259, 244, 253, 244, 255, 255, 255, 253, 253, 244, 252, 253, 260, 253, 250, 253, 259, 253, 253, 243, 253, 252, 253, 253, 253, 260, 255, 253, 251, 244, 253, 251, 253, 253, 253, 249, 251, 248, 260, 253, 250, 255, 251, 244, 253, 253, 254, 252, 252, 253, 260, 252, 255, 253, 253, 253, 251, 253, 253, 261, 261, 253, 251, 259, 259, 244, 253, 253, 253, 253, 250, 253, 244, 260, 242, 251, 255, 255, 244, 252, 244, 250, 261, 250, 253, 252, 261, 244, 244, 253, 252, 252
Number of unique chromosomes (out of 100 chromosomes in total): 31
**********************************************************************
New best solution found in generation: 221
Best chromosome in current generation with value: 131, competence: 241.000:
3, 2, 1, 2, 3, 3, 2, 3, 1, 2, 2, 3, 3, 2, 1, 3, 1, 3, 1, 3, 3, 1, 3, 2, 2, 1, 2, 2, 2, 2, 1, 2, 2, 3, 3, 1, 3, 1, 3, 1
competence values:
241, 244, 244, 253, 255, 244, 251, 251, 242, 251, 260, 250, 255, 250, 233, 241, 252, 253, 253, 255, 253, 253, 252, 251, 251, 251, 251, 250, 235, 242, 241, 251, 244, 253, 250, 250, 244, 259, 247, 244, 250, 253, 247, 244, 235, 244, 251, 255, 253, 253, 244, 260, 251, 235, 244, 244, 244, 253, 260, 244, 255, 233, 224, 247, 242, 260, 252, 244, 242, 235, 255, 259, 255, 250, 247, 244, 250, 255, 251, 244, 253, 260, 253, 255, 252, 244, 250, 253, 251, 253, 259, 235, 251, 241, 253, 253, 255, 244, 244, 255
Number of unique chromosomes (out of 100 chromosomes in total): 41
-----------------------------------------
Overall number of generations created: 221
Number of seconds elapsed: 2.435
The final solution:
m1 : J36(1, 1), J22(3, 1), J3(11, 1), J19(12, 1), J9(13, 1), J17(13, 1), J26(13, 1), J38(13, 1), J31(14, 1), J40(18, 1), J15(20, 1) 	 sum: 131, types: 1
m2 : J32(1, 1), J14(4, 1), J33(4, 1), J25(5, 1), J28(5, 1), J24(6, 1), J27(6, 1), J4(8, 1), J29(8, 1), J11(10, 1), J30(15, 1), J7(18, 1), J2(20, 1), J10(20, 1) 	 sum: 130, types: 1
m3 : J18(2, 1), J23(2, 1), J6(4, 1), J12(5, 1), J37(6, 1), J13(7, 1), J39(7, 1), J5(8, 1), J34(9, 1), J16(10, 1), J20(10, 1), J21(10, 1), J35(14, 1), J8(18, 1), J1(19, 1) 	 sum: 131, types: 1

Objective function's value: max{131, 130, 131} = 131
*Lower bound (not necessarily tight): 131

**output format:
	m_k is the k'th machine.
	J_i(P, T, M) is the i'th job with processing time P, of type T, and is assigned to machine M (marked as '?' when unassigned).