The problem had 40 jobs that needed to be scheduled on 2 machines.
**********************************************************************
printing Initial generation:
Best chromosome in current generation with value: 208, competence: 203.000:
1, 2, 1, 2, 1, 2, 1, 2, 1, 2, 1, 2, 1, 2, 1, 2, 1, 2, 1, 2, 1, 2, 1, 2, 1, 2, 1, 2, 1, 2, 1, 2, 1, 2, 1, 2, 1, 2, 1, 2
competence values:
203, 205, 186, 132, 184, 199, 185, 191, 177, 165, 195, 186, 203, 201, 167, 192, 187, 205, 187, 166, 180, 183, 189, 177, 163, 202, 205, 185, 104, 200, 161, 166, 173, 137, 196, 138, 155, 120, 188, 197, 204, 172, 172, 180, 166, 191, 198, 199, 194, 172, 157, 150, 199, 196, 192, 190, 171, 176, 176, 146, 197, 138, 204, 166, 149, 184, 185, 159, 177, 205, 148, 195, 182, 184, 173, 118, 131, 161, 184, 181, 165, 153, 178, 196, 174, 198, 176, 170, 188, 167, 161, 193, 202, 203, 177, 156, 184, 201, 194, 174
Number of unique chromosomes (out of 100 chromosomes in total): 100
**********************************************************************
New best solution found in generation: 9
Best chromosome in current generation with value: 207, competence: 173.000:
2, 1, 1, 1, 1, 2, 1, 2, 1, 2, 2, 2, 2, 2, 1, 2, 1, 1, 1, 2, 2, 1, 1, 2, 1, 1, 2, 1, 1, 2, 1, 2, 1, 2, 2, 2, 1, 2, 2, 2
competence values:
173, 191, 193, 176, 165, 171, 183, 177, 182, 197, 199, 168, 173, 146, 187, 201, 197, 172, 198, 195, 158, 170, 187, 186, 202, 157, 188, 203, 190, 201, 201, 183, 160, 197, 187, 204, 200, 197, 182, 196, 188, 159, 188, 204, 202, 191, 191, 183, 188, 184, 203, 203, 185, 160, 177, 142, 154, 196, 198, 203, 184, 155, 189, 174, 158, 201, 166, 205, 200, 186, 205, 193, 189, 179, 174, 191, 192, 198, 192, 168, 165, 195, 186, 166, 143, 199, 183, 173, 188, 182, 179, 187, 196, 204, 154, 196, 205, 184, 177, 180
Number of unique chromosomes (out of 100 chromosomes in total): 98
**********************************************************************
Printing generation: 11
Best chromosome in current generation with value: 222, competence: 201.000:
2, 1, 2, 1, 1, 2, 1, 2, 1, 2, 1, 2, 2, 1, 1, 1, 2, 2, 1, 1, 1, 2, 1, 1, 2, 2, 2, 1, 1, 2, 1, 2, 1, 2, 2, 2, 2, 2, 1, 1
competence values:
201, 191, 155, 188, 191, 141, 194, 199, 188, 156, 203, 163, 184, 183, 131, 178, 163, 170, 198, 202, 195, 199, 191, 194, 191, 158, 166, 193, 170, 197, 184, 202, 205, 204, 198, 200, 194, 200, 161, 180, 160, 194, 168, 174, 191, 176, 192, 172, 197, 199, 197, 183, 200, 165, 190, 205, 197, 185, 176, 196, 195, 185, 174, 192, 200, 194, 198, 156, 187, 199, 184, 202, 188, 160, 150, 197, 169, 188, 203, 196, 185, 200, 151, 167, 198, 186, 151, 194, 203, 199, 176, 175, 156, 184, 174, 193, 186, 196, 180, 188
Number of unique chromosomes (out of 100 chromosomes in total): 97
**********************************************************************
Printing generation: 21
Best chromosome in current generation with value: 218, competence: 204.000:
1, 2, 2, 1, 2, 2, 1, 1, 1, 2, 1, 2, 1, 2, 2, 2, 2, 1, 1, 2, 2, 2, 1, 1, 2, 1, 1, 1, 1, 1, 1, 1, 2, 2, 2, 2, 2, 2, 1, 1
competence values:
204, 183, 182, 190, 174, 159, 205, 204, 184, 179, 177, 191, 185, 201, 189, 173, 169, 187, 192, 168, 202, 197, 189, 197, 178, 192, 193, 199, 175, 198, 201, 163, 203, 204, 199, 203, 192, 195, 196, 199, 199, 198, 187, 173, 195, 205, 189, 186, 182, 201, 198, 182, 151, 201, 174, 192, 172, 166, 193, 173, 188, 205, 204, 190, 205, 170, 182, 200, 205, 186, 201, 202, 198, 178, 184, 186, 203, 197, 205, 198, 188, 198, 193, 193, 178, 197, 189, 189, 173, 205, 203, 194, 172, 187, 203, 201, 205, 197, 198, 160
Number of unique chromosomes (out of 100 chromosomes in total): 99
**********************************************************************
New best solution found in generation: 28
Best chromosome in current generation with value: 206, competence: 192.000:
2, 1, 1, 1, 2, 2, 1, 2, 1, 1, 2, 2, 2, 1, 2, 1, 2, 1, 2, 1, 2, 1, 1, 2, 1, 1, 2, 1, 1, 2, 1, 1, 2, 2, 1, 2, 2, 1, 2, 1
competence values:
192, 185, 204, 147, 201, 201, 205, 188, 180, 182, 155, 166, 202, 203, 191, 192, 187, 205, 159, 196, 205, 177, 184, 195, 168, 176, 201, 199, 199, 194, 198, 187, 192, 176, 186, 203, 172, 193, 196, 203, 157, 186, 205, 205, 173, 200, 184, 187, 186, 203, 175, 197, 200, 194, 193, 205, 190, 203, 201, 199, 204, 186, 202, 160, 204, 185, 169, 192, 163, 176, 194, 193, 187, 159, 200, 192, 196, 164, 200, 188, 191, 205, 195, 199, 180, 197, 178, 178, 176, 176, 193, 204, 197, 200, 204, 202, 167, 149, 192, 192
Number of unique chromosomes (out of 100 chromosomes in total): 96
-----------------------------------------
Overall number of generations created: 28
Number of seconds elapsed: 0.310
The final solution:
m1 : J35(1, 1), J10(2, 1), J7(3, 1), J20(3, 1), J28(4, 1), J40(4, 1), J32(5, 1), J2(6, 1), J4(7, 1), J25(8, 1), J31(8, 1), J26(10, 1), J23(11, 1), J29(12, 1), J22(15, 1), J18(16, 1), J3(17, 1), J9(18, 1), J38(18, 1), J14(19, 1), J16(19, 1) 	 sum: 206, types: 1
m2 : J39(2, 1), J11(3, 1), J12(3, 1), J37(5, 1), J5(6, 1), J21(9, 1), J30(9, 1), J6(11, 1), J33(11, 1), J34(11, 1), J8(12, 1), J19(12, 1), J13(13, 1), J24(13, 1), J1(15, 1), J27(16, 1), J36(16, 1), J15(19, 1), J17(19, 1) 	 sum: 205, types: 1

Objective function's value: max{206, 205} = 206
*Lower bound (not necessarily tight): 206

**output format:
	m_k is the k'th machine.
	J_i(P, T, M) is the i'th job with processing time P, of type T, and is assigned to machine M (marked as '?' when unassigned).