The problem had 40 jobs that needed to be scheduled on 2 machines.
**********************************************************************
printing Initial generation:
Best chromosome in current generation with value: 227, competence: 222.000:
1, 2, 1, 2, 1, 2, 1, 2, 1, 2, 1, 2, 1, 2, 1, 2, 1, 2, 1, 2, 1, 2, 1, 2, 1, 2, 1, 2, 1, 2, 1, 2, 1, 2, 1, 2, 1, 2, 1, 2
competence values:
222, 217, 145, 207, 187, 211, 180, 194, 204, 197, 115, 108, 183, 208, 215, 164, 168, 167, 159, 189, 215, 222, 155, 177, 161, 177, 209, 150, 209, 190, 187, 213, 209, 214, 222, 141, 213, 204, 209, 151, 200, 120, 208, 142, 215, 186, 219, 191, 185, 224, 220, 221, 196, 204, 174, 198, 208, 182, 208, 196, 208, 211, 161, 206, 202, 223, 173, 183, 216, 203, 186, 177, 173, 177, 218, 203, 208, 185, 167, 183, 178, 211, 151, 201, 155, 214, 169, 211, 196, 222, 212, 175, 221, 198, 160, 185, 155, 220, 167, 157
Number of unique chromosomes (out of 100 chromosomes in total): 100
**********************************************************************
Printing generation: 11
Best chromosome in current generation with value: 241, competence: 205.000:
1, 1, 2, 1, 1, 2, 2, 2, 1, 2, 1, 1, 2, 1, 2, 2, 2, 2, 2, 1, 1, 1, 1, 1, 2, 2, 1, 1, 1, 2, 2, 1, 1, 1, 2, 1, 2, 1, 1, 1
competence values:
205, 201, 208, 195, 190, 177, 205, 195, 205, 182, 152, 152, 168, 192, 203, 192, 213, 204, 165, 184, 210, 221, 217, 194, 192, 190, 214, 213, 193, 215, 180, 156, 199, 216, 223, 200, 202, 194, 200, 210, 221, 201, 189, 166, 196, 181, 207, 223, 206, 210, 204, 221, 214, 195, 167, 218, 192, 198, 219, 224, 216, 220, 212, 207, 208, 198, 215, 204, 187, 189, 182, 186, 178, 173, 214, 201, 202, 194, 204, 167, 172, 173, 212, 194, 174, 168, 200, 195, 200, 216, 209, 220, 203, 208, 211, 201, 208, 207, 217, 187
Number of unique chromosomes (out of 100 chromosomes in total): 99
**********************************************************************
Printing generation: 21
Best chromosome in current generation with value: 235, competence: 202.000:
1, 1, 2, 1, 1, 1, 2, 2, 1, 2, 2, 2, 2, 2, 1, 2, 2, 2, 1, 1, 2, 1, 1, 2, 2, 2, 1, 2, 1, 1, 2, 1, 1, 1, 2, 1, 1, 1, 2, 2
competence values:
202, 169, 222, 181, 220, 185, 192, 218, 220, 212, 213, 213, 208, 187, 219, 183, 218, 169, 192, 217, 197, 215, 212, 208, 212, 206, 208, 171, 220, 221, 197, 206, 221, 197, 217, 214, 201, 217, 194, 192, 181, 164, 192, 215, 177, 217, 208, 223, 179, 195, 197, 160, 214, 178, 191, 214, 223, 185, 198, 185, 221, 185, 216, 169, 186, 213, 173, 202, 179, 222, 171, 180, 212, 182, 202, 213, 169, 216, 221, 203, 169, 224, 219, 210, 215, 219, 217, 215, 172, 187, 217, 200, 204, 222, 223, 202, 145, 173, 217, 177
Number of unique chromosomes (out of 100 chromosomes in total): 99
**********************************************************************
New best solution found in generation: 25
Best chromosome in current generation with value: 225, competence: 195.000:
1, 2, 2, 2, 2, 2, 2, 2, 1, 1, 1, 2, 2, 2, 1, 1, 2, 1, 2, 1, 1, 2, 2, 1, 1, 1, 1, 2, 1, 1, 1, 2, 2, 1, 2, 1, 2, 1, 2, 2
competence values:
195, 186, 213, 218, 164, 185, 220, 215, 222, 217, 217, 207, 178, 217, 208, 205, 219, 210, 218, 200, 174, 208, 175, 215, 208, 201, 220, 208, 212, 218, 224, 206, 206, 188, 224, 216, 224, 214, 217, 205, 217, 211, 215, 219, 186, 187, 205, 200, 198, 206, 198, 179, 216, 206, 198, 200, 181, 201, 199, 170, 211, 219, 219, 217, 214, 223, 186, 161, 194, 214, 152, 212, 199, 203, 191, 218, 203, 217, 188, 183, 222, 210, 205, 204, 193, 217, 199, 214, 199, 214, 218, 223, 192, 185, 188, 180, 209, 219, 176, 209
Number of unique chromosomes (out of 100 chromosomes in total): 95
-----------------------------------------
Overall number of generations created: 25
Number of seconds elapsed: 0.261
The final solution:
m1 : J38(5, 1), J27(6, 1), J34(7, 1), J20(8, 1), J36(8, 1), J25(9, 1), J26(9, 1), J11(10, 1), J30(10, 1), J31(11, 1), J18(12, 1), J29(12, 1), J9(14, 1), J21(14, 1), J1(17, 1), J15(17, 1), J16(18, 1), J24(18, 1), J10(19, 1) 	 sum: 224, types: 1
m2 : J8(1, 1), J4(2, 1), J23(3, 1), J13(4, 1), J12(5, 1), J39(5, 1), J3(8, 1), J33(9, 1), J2(10, 1), J14(10, 1), J5(11, 1), J19(11, 1), J6(13, 1), J28(13, 1), J32(14, 1), J35(14, 1), J7(17, 1), J37(17, 1), J17(18, 1), J22(20, 1), J40(20, 1) 	 sum: 225, types: 1

Objective function's value: max{224, 225} = 225
*Lower bound (not necessarily tight): 225

**output format:
	m_k is the k'th machine.
	J_i(P, T, M) is the i'th job with processing time P, of type T, and is assigned to machine M (marked as '?' when unassigned).