The problem had 40 jobs that needed to be scheduled on 3 machines.
**********************************************************************
printing Initial generation:
Best chromosome in current generation with value: 167, competence: 229.000:
1, 2, 3, 1, 2, 3, 1, 2, 3, 1, 2, 3, 1, 2, 3, 1, 2, 3, 1, 2, 3, 1, 2, 3, 1, 2, 3, 1, 2, 3, 1, 2, 3, 1, 2, 3, 1, 2, 3, 1
competence values:
229, 261, 243, 203, 224, 200, 204, 227, 214, 210, 215, 241, 228, 240, 217, 241, 231, 181, 208, 208, 242, 246, 178, 186, 217, 210, 251, 222, 210, 252, 238, 235, 242, 231, 230, 222, 246, 234, 239, 225, 238, 245, 242, 220, 209, 246, 237, 237, 248, 223, 225, 252, 188, 226, 204, 260, 251, 195, 214, 221, 241, 208, 212, 248, 212, 244, 243, 244, 236, 214, 226, 188, 232, 238, 198, 222, 223, 205, 232, 245, 229, 198, 244, 249, 224, 245, 257, 220, 201, 250, 235, 211, 248, 214, 236, 239, 206, 172, 194, 208
Number of unique chromosomes (out of 100 chromosomes in total): 100
**********************************************************************
New best solution found in generation: 2
Best chromosome in current generation with value: 155, competence: 229.000:
3, 2, 3, 1, 3, 2, 1, 1, 1, 2, 2, 3, 2, 3, 2, 2, 3, 3, 2, 1, 1, 1, 1, 1, 2, 2, 2, 1, 3, 3, 2, 1, 1, 3, 2, 2, 3, 1, 1, 2
competence values:
229, 261, 243, 203, 224, 200, 204, 227, 214, 210, 215, 241, 228, 240, 217, 241, 231, 181, 208, 208, 242, 246, 178, 186, 217, 210, 251, 222, 210, 252, 238, 235, 242, 231, 230, 222, 246, 234, 239, 225, 238, 245, 242, 220, 209, 246, 237, 237, 248, 223, 225, 252, 188, 226, 204, 260, 251, 195, 214, 221, 241, 208, 212, 248, 212, 244, 243, 244, 236, 214, 226, 188, 232, 238, 198, 222, 223, 205, 232, 245, 229, 198, 244, 249, 224, 245, 257, 220, 201, 250, 235, 211, 248, 214, 236, 239, 206, 172, 194, 208
Number of unique chromosomes (out of 100 chromosomes in total): 98
**********************************************************************
New best solution found in generation: 3
Best chromosome in current generation with value: 148, competence: 241.000:
3, 2, 2, 1, 3, 2, 3, 3, 3, 1, 1, 3, 3, 1, 3, 1, 2, 1, 2, 2, 2, 1, 1, 2, 3, 1, 3, 2, 1, 1, 2, 2, 1, 2, 2, 2, 2, 3, 3, 3
competence values:
241, 214, 206, 230, 229, 249, 252, 208, 252, 242, 193, 219, 246, 210, 246, 258, 204, 210, 258, 246, 227, 216, 258, 225, 199, 219, 241, 233, 256, 195, 230, 248, 229, 251, 234, 215, 217, 251, 226, 254, 242, 257, 229, 235, 213, 235, 222, 232, 237, 204, 246, 237, 240, 212, 236, 240, 234, 223, 208, 248, 243, 240, 235, 235, 215, 209, 235, 255, 220, 197, 201, 251, 233, 236, 222, 234, 182, 222, 240, 194, 254, 208, 195, 210, 217, 182, 244, 194, 231, 263, 210, 237, 200, 254, 222, 246, 247, 206, 242, 197
Number of unique chromosomes (out of 100 chromosomes in total): 100
**********************************************************************
New best solution found in generation: 7
Best chromosome in current generation with value: 144, competence: 234.000:
1, 3, 1, 1, 1, 2, 2, 2, 3, 2, 2, 3, 1, 2, 3, 3, 1, 3, 2, 3, 2, 3, 2, 3, 1, 1, 2, 2, 2, 3, 1, 3, 2, 1, 3, 3, 2, 1, 1, 3
competence values:
234, 232, 198, 246, 222, 236, 229, 230, 240, 221, 225, 213, 241, 238, 181, 236, 225, 243, 248, 231, 230, 236, 245, 257, 246, 247, 255, 254, 219, 256, 237, 251, 239, 240, 257, 229, 224, 206, 225, 239, 210, 206, 224, 257, 235, 235, 212, 233, 247, 244, 261, 252, 248, 199, 221, 200, 249, 253, 221, 237, 255, 225, 245, 206, 204, 231, 223, 254, 231, 236, 231, 215, 226, 258, 219, 194, 205, 245, 192, 229, 241, 243, 235, 232, 229, 249, 244, 220, 231, 237, 206, 258, 254, 257, 246, 232, 221, 202, 239, 169
Number of unique chromosomes (out of 100 chromosomes in total): 100
**********************************************************************
Printing generation: 11
Best chromosome in current generation with value: 157, competence: 228.000:
1, 3, 1, 1, 1, 2, 2, 2, 3, 2, 2, 3, 1, 2, 3, 3, 1, 3, 2, 3, 2, 2, 3, 1, 2, 1, 3, 3, 2, 1, 1, 3, 3, 2, 1, 2, 2, 2, 3, 2
competence values:
228, 242, 254, 250, 222, 261, 224, 175, 247, 235, 213, 215, 251, 255, 254, 223, 259, 239, 247, 232, 217, 240, 239, 247, 239, 204, 241, 249, 247, 245, 215, 220, 243, 245, 233, 208, 241, 243, 261, 253, 214, 227, 261, 233, 248, 252, 153, 220, 232, 246, 228, 251, 189, 242, 235, 232, 222, 245, 236, 223, 210, 257, 231, 196, 220, 216, 217, 248, 230, 203, 205, 246, 213, 220, 216, 216, 231, 248, 231, 226, 230, 261, 229, 215, 187, 193, 201, 238, 234, 222, 212, 249, 240, 241, 240, 223, 240, 221, 227, 235
Number of unique chromosomes (out of 100 chromosomes in total): 100
**********************************************************************
Printing generation: 21
Best chromosome in current generation with value: 164, competence: 241.000:
1, 3, 1, 1, 2, 2, 3, 2, 1, 2, 2, 1, 1, 2, 3, 1, 2, 3, 3, 3, 2, 2, 2, 1, 2, 1, 3, 2, 2, 2, 3, 3, 1, 1, 3, 3, 1, 1, 1, 2
competence values:
241, 237, 248, 227, 209, 240, 207, 235, 236, 245, 237, 201, 247, 248, 255, 245, 253, 238, 253, 233, 247, 215, 211, 243, 242, 245, 235, 241, 259, 245, 202, 229, 240, 242, 222, 235, 227, 197, 245, 234, 237, 224, 251, 229, 239, 257, 237, 246, 230, 211, 247, 230, 245, 254, 232, 246, 229, 239, 227, 241, 246, 248, 240, 225, 246, 250, 217, 244, 246, 231, 229, 226, 251, 232, 237, 238, 235, 218, 260, 228, 257, 240, 238, 232, 242, 250, 247, 251, 232, 260, 256, 219, 241, 226, 239, 221, 260, 247, 224, 248
Number of unique chromosomes (out of 100 chromosomes in total): 97
**********************************************************************
New best solution found in generation: 27
Best chromosome in current generation with value: 143, competence: 247.000:
2, 3, 2, 2, 3, 2, 2, 2, 3, 3, 1, 3, 2, 3, 3, 2, 3, 3, 2, 2, 1, 2, 1, 3, 2, 1, 2, 3, 2, 3, 1, 1, 1, 1, 2, 3, 1, 3, 2, 3
competence values:
247, 242, 253, 256, 251, 250, 227, 251, 216, 253, 237, 239, 232, 246, 251, 257, 239, 246, 236, 235, 226, 229, 262, 231, 244, 250, 237, 205, 263, 216, 254, 239, 189, 242, 213, 221, 196, 254, 221, 254, 227, 238, 219, 232, 224, 221, 247, 209, 250, 231, 244, 257, 219, 225, 237, 254, 255, 224, 230, 194, 225, 231, 227, 208, 219, 263, 256, 195, 242, 234, 211, 260, 218, 244, 247, 242, 235, 231, 252, 239, 204, 217, 229, 255, 231, 243, 252, 241, 254, 254, 228, 222, 236, 215, 253, 218, 255, 241, 232, 222
Number of unique chromosomes (out of 100 chromosomes in total): 100
**********************************************************************
Printing generation: 31
Best chromosome in current generation with value: 197, competence: 248.000:
1, 2, 1, 1, 3, 3, 2, 3, 2, 2, 1, 3, 1, 2, 3, 1, 2, 3, 3, 2, 2, 3, 2, 2, 3, 2, 2, 2, 2, 2, 3, 3, 1, 3, 2, 3, 1, 2, 2, 3
competence values:
248, 244, 249, 215, 236, 215, 240, 239, 245, 249, 247, 258, 234, 237, 262, 225, 225, 246, 231, 239, 237, 242, 245, 233, 232, 251, 230, 252, 246, 225, 238, 230, 249, 239, 241, 243, 240, 223, 248, 259, 230, 247, 210, 223, 216, 234, 239, 256, 230, 247, 194, 234, 260, 246, 241, 251, 206, 238, 236, 244, 233, 242, 227, 247, 230, 261, 237, 258, 196, 217, 226, 213, 226, 248, 261, 216, 223, 246, 253, 241, 234, 233, 230, 256, 246, 249, 242, 245, 236, 235, 225, 258, 250, 226, 221, 236, 255, 236, 230, 234
Number of unique chromosomes (out of 100 chromosomes in total): 99
**********************************************************************
Printing generation: 41
Best chromosome in current generation with value: 143, competence: 240.000:
1, 3, 2, 1, 3, 2, 2, 2, 1, 3, 1, 2, 2, 3, 2, 1, 2, 3, 3, 2, 1, 2, 1, 2, 1, 2, 2, 3, 1, 2, 3, 3, 1, 3, 2, 2, 3, 2, 2, 2
competence values:
240, 232, 240, 188, 251, 257, 246, 226, 257, 234, 248, 240, 242, 246, 257, 232, 241, 252, 246, 232, 238, 225, 230, 256, 246, 252, 255, 256, 226, 249, 256, 234, 249, 208, 249, 236, 224, 229, 228, 243, 220, 226, 253, 210, 213, 246, 246, 253, 233, 253, 257, 224, 238, 251, 249, 207, 244, 241, 245, 249, 255, 186, 244, 262, 207, 240, 241, 204, 233, 233, 248, 228, 234, 253, 222, 231, 247, 219, 230, 230, 248, 243, 249, 254, 248, 237, 249, 243, 248, 249, 259, 223, 252, 249, 241, 220, 223, 243, 252, 228
Number of unique chromosomes (out of 100 chromosomes in total): 96
**********************************************************************
New best solution found in generation: 42
Best chromosome in current generation with value: 141, competence: 253.000:
1, 2, 3, 1, 1, 2, 2, 3, 2, 3, 1, 2, 2, 1, 3, 3, 3, 2, 1, 2, 2, 2, 1, 1, 1, 2, 2, 3, 2, 3, 3, 3, 3, 1, 2, 1, 2, 1, 3, 3
competence values:
253, 228, 250, 252, 219, 243, 256, 256, 234, 245, 248, 242, 242, 237, 244, 246, 236, 235, 256, 241, 215, 246, 255, 245, 218, 233, 232, 246, 248, 250, 246, 246, 247, 243, 240, 252, 227, 241, 245, 245, 253, 216, 258, 246, 251, 250, 234, 234, 228, 245, 234, 254, 238, 194, 211, 249, 262, 255, 255, 240, 260, 232, 255, 229, 222, 261, 195, 243, 248, 256, 229, 239, 228, 240, 246, 245, 235, 241, 236, 226, 208, 238, 253, 231, 202, 242, 239, 243, 243, 236, 251, 252, 248, 248, 245, 246, 218, 189, 206, 241
Number of unique chromosomes (out of 100 chromosomes in total): 99
**********************************************************************
New best solution found in generation: 44
Best chromosome in current generation with value: 140, competence: 246.000:
1, 2, 3, 3, 3, 2, 2, 3, 2, 3, 1, 3, 1, 3, 2, 3, 3, 2, 2, 3, 1, 2, 1, 1, 1, 3, 2, 3, 2, 1, 2, 1, 3, 1, 2, 3, 2, 1, 2, 1
competence values:
246, 256, 250, 253, 241, 228, 253, 243, 243, 225, 235, 251, 249, 241, 238, 257, 255, 241, 247, 237, 218, 238, 232, 262, 236, 252, 256, 250, 250, 252, 260, 235, 231, 257, 247, 237, 242, 245, 234, 247, 255, 231, 206, 244, 222, 238, 233, 229, 227, 254, 245, 246, 251, 249, 226, 223, 249, 237, 253, 204, 236, 247, 256, 252, 216, 249, 243, 236, 229, 256, 245, 235, 233, 232, 261, 209, 246, 239, 254, 250, 237, 241, 239, 251, 256, 241, 242, 245, 258, 228, 251, 238, 248, 249, 244, 234, 235, 248, 232, 240
Number of unique chromosomes (out of 100 chromosomes in total): 98
**********************************************************************
New best solution found in generation: 51
Best chromosome in current generation with value: 136, competence: 231.000:
1, 3, 1, 1, 3, 2, 2, 2, 3, 3, 1, 2, 2, 1, 3, 3, 3, 2, 2, 3, 1, 2, 1, 2, 1, 2, 2, 3, 2, 1, 2, 1, 3, 1, 3, 1, 2, 2, 2, 3
competence values:
231, 250, 251, 233, 203, 237, 261, 250, 248, 217, 231, 239, 259, 233, 252, 228, 232, 246, 229, 254, 218, 243, 219, 259, 241, 230, 251, 235, 250, 245, 247, 212, 223, 236, 259, 215, 220, 231, 240, 263, 225, 260, 228, 251, 257, 256, 252, 213, 240, 248, 242, 239, 258, 241, 258, 232, 226, 255, 241, 237, 232, 226, 236, 251, 232, 237, 255, 220, 257, 229, 233, 239, 260, 240, 234, 249, 217, 252, 249, 236, 237, 246, 238, 244, 257, 259, 262, 250, 252, 260, 233, 258, 249, 249, 226, 204, 235, 218, 217, 240
Number of unique chromosomes (out of 100 chromosomes in total): 100
**********************************************************************
New best solution found in generation: 58
Best chromosome in current generation with value: 135, competence: 227.000:
1, 2, 3, 1, 3, 3, 2, 3, 3, 3, 1, 3, 2, 3, 3, 2, 3, 2, 2, 3, 1, 2, 1, 2, 1, 2, 3, 2, 2, 2, 3, 3, 1, 1, 2, 2, 1, 2, 3, 1
competence values:
227, 238, 249, 238, 241, 241, 208, 251, 231, 229, 229, 235, 201, 251, 236, 238, 249, 245, 237, 235, 238, 255, 214, 226, 233, 229, 258, 254, 252, 220, 200, 249, 257, 238, 252, 243, 251, 251, 213, 243, 242, 231, 228, 232, 233, 233, 260, 244, 253, 237, 219, 261, 256, 239, 247, 255, 256, 255, 230, 231, 262, 234, 236, 245, 260, 231, 249, 234, 249, 240, 255, 239, 242, 225, 242, 218, 252, 235, 246, 227, 223, 253, 242, 220, 239, 257, 255, 247, 244, 234, 230, 215, 235, 261, 237, 254, 207, 253, 198, 242
Number of unique chromosomes (out of 100 chromosomes in total): 99
**********************************************************************
Printing generation: 61
Best chromosome in current generation with value: 149, competence: 259.000:
1, 2, 1, 2, 3, 1, 2, 3, 3, 3, 2, 1, 1, 3, 3, 1, 2, 1, 1, 3, 1, 2, 1, 3, 2, 3, 3, 3, 2, 1, 3, 1, 1, 1, 2, 3, 2, 3, 2, 3
competence values:
259, 227, 253, 248, 248, 234, 248, 231, 219, 242, 244, 249, 236, 259, 249, 248, 201, 222, 247, 258, 234, 225, 237, 249, 233, 260, 244, 251, 249, 249, 250, 244, 239, 223, 201, 249, 245, 217, 246, 227, 258, 254, 259, 202, 256, 211, 246, 253, 254, 211, 232, 249, 239, 246, 215, 231, 237, 252, 192, 238, 231, 245, 242, 247, 253, 257, 244, 248, 253, 225, 247, 223, 245, 249, 247, 222, 245, 248, 232, 257, 240, 240, 248, 249, 237, 252, 248, 254, 251, 255, 243, 258, 232, 250, 252, 231, 246, 253, 244, 222
Number of unique chromosomes (out of 100 chromosomes in total): 97
**********************************************************************
Printing generation: 71
Best chromosome in current generation with value: 142, competence: 226.000:
1, 3, 2, 2, 3, 1, 2, 2, 3, 3, 1, 3, 2, 3, 3, 2, 3, 1, 2, 3, 2, 2, 1, 1, 1, 2, 1, 1, 2, 3, 3, 2, 1, 1, 2, 2, 3, 2, 3, 3
competence values:
226, 245, 249, 237, 259, 241, 239, 263, 245, 243, 254, 248, 244, 237, 235, 248, 236, 255, 239, 257, 242, 227, 234, 244, 238, 246, 220, 262, 225, 230, 254, 238, 231, 253, 232, 227, 251, 247, 242, 251, 247, 247, 255, 261, 244, 251, 241, 255, 247, 236, 225, 236, 212, 254, 247, 247, 241, 229, 237, 246, 229, 258, 248, 259, 236, 240, 235, 244, 241, 244, 250, 263, 243, 227, 263, 252, 244, 226, 247, 256, 227, 229, 241, 231, 247, 256, 242, 240, 250, 225, 223, 256, 235, 248, 261, 224, 244, 255, 234, 242
Number of unique chromosomes (out of 100 chromosomes in total): 100
**********************************************************************
New best solution found in generation: 79
Best chromosome in current generation with value: 134, competence: 227.000:
1, 3, 3, 1, 3, 1, 2, 3, 2, 3, 1, 1, 3, 1, 1, 1, 3, 2, 1, 2, 2, 2, 1, 1, 1, 2, 2, 3, 2, 2, 3, 3, 1, 3, 2, 1, 3, 2, 2, 3
competence values:
227, 216, 244, 253, 238, 246, 261, 238, 246, 242, 243, 244, 244, 231, 240, 227, 228, 243, 237, 217, 233, 258, 232, 230, 232, 244, 256, 245, 255, 232, 251, 255, 253, 240, 262, 240, 229, 236, 251, 246, 212, 243, 243, 247, 244, 236, 243, 251, 253, 233, 248, 249, 253, 211, 258, 232, 249, 238, 239, 243, 255, 249, 255, 254, 226, 255, 254, 242, 255, 243, 254, 256, 253, 226, 238, 243, 255, 249, 259, 245, 233, 261, 256, 234, 222, 235, 248, 235, 246, 246, 246, 248, 255, 242, 241, 253, 241, 243, 226, 215
Number of unique chromosomes (out of 100 chromosomes in total): 96
**********************************************************************
Printing generation: 81
Best chromosome in current generation with value: 147, competence: 247.000:
1, 3, 3, 1, 3, 3, 2, 2, 3, 3, 1, 1, 2, 1, 3, 2, 3, 1, 1, 1, 2, 2, 1, 2, 2, 2, 1, 3, 2, 3, 3, 2, 3, 1, 2, 3, 2, 1, 2, 3
competence values:
247, 253, 253, 244, 262, 237, 248, 236, 218, 237, 253, 223, 231, 247, 239, 236, 244, 241, 249, 253, 256, 246, 249, 240, 246, 237, 245, 243, 261, 233, 223, 242, 255, 238, 247, 235, 250, 256, 243, 238, 254, 244, 224, 258, 248, 253, 245, 256, 258, 231, 237, 237, 233, 252, 241, 244, 245, 217, 255, 225, 239, 244, 220, 231, 247, 237, 228, 220, 243, 241, 256, 256, 239, 254, 247, 242, 255, 236, 220, 257, 237, 261, 241, 216, 233, 248, 259, 254, 215, 255, 258, 237, 252, 246, 251, 239, 214, 239, 224, 235
Number of unique chromosomes (out of 100 chromosomes in total): 99
**********************************************************************
Printing generation: 91
Best chromosome in current generation with value: 150, competence: 226.000:
1, 3, 1, 1, 2, 3, 2, 2, 3, 3, 1, 1, 2, 3, 2, 3, 3, 2, 1, 2, 2, 2, 1, 1, 1, 2, 3, 2, 2, 3, 3, 3, 1, 1, 3, 3, 2, 2, 1, 1
competence values:
226, 249, 251, 255, 251, 253, 238, 252, 249, 254, 230, 236, 221, 256, 251, 241, 249, 247, 243, 231, 245, 215, 240, 238, 250, 250, 248, 225, 236, 235, 248, 225, 230, 260, 233, 254, 247, 242, 251, 242, 256, 253, 247, 236, 237, 243, 224, 251, 251, 234, 251, 218, 247, 254, 238, 260, 234, 241, 259, 244, 245, 247, 226, 219, 247, 228, 250, 201, 249, 263, 257, 255, 235, 242, 254, 246, 211, 241, 219, 259, 237, 257, 256, 260, 254, 252, 220, 251, 244, 247, 226, 259, 251, 254, 237, 239, 242, 250, 244, 255
Number of unique chromosomes (out of 100 chromosomes in total): 97
**********************************************************************
Printing generation: 101
Best chromosome in current generation with value: 136, competence: 224.000:
1, 3, 1, 1, 3, 3, 2, 2, 3, 3, 2, 1, 2, 3, 2, 3, 1, 2, 1, 3, 2, 2, 1, 2, 1, 2, 3, 1, 2, 2, 3, 3, 1, 1, 2, 2, 1, 3, 2, 3
competence values:
224, 244, 248, 254, 234, 235, 237, 261, 261, 250, 247, 237, 238, 243, 219, 252, 260, 234, 252, 246, 251, 253, 252, 252, 224, 223, 260, 260, 245, 229, 243, 243, 224, 224, 260, 258, 231, 227, 258, 242, 253, 251, 253, 249, 249, 251, 256, 256, 230, 253, 252, 232, 243, 239, 251, 254, 246, 253, 233, 258, 244, 221, 241, 239, 251, 260, 247, 229, 260, 252, 244, 234, 245, 234, 255, 235, 255, 246, 229, 254, 256, 255, 242, 257, 250, 242, 252, 249, 253, 234, 252, 241, 217, 258, 228, 241, 257, 237, 246, 261
Number of unique chromosomes (out of 100 chromosomes in total): 99
**********************************************************************
Printing generation: 111
Best chromosome in current generation with value: 161, competence: 216.000:
1, 2, 1, 1, 3, 3, 2, 2, 2, 3, 1, 3, 2, 3, 3, 3, 3, 2, 1, 1, 2, 2, 1, 1, 2, 3, 2, 1, 2, 1, 3, 3, 1, 1, 2, 1, 2, 2, 1, 3
competence values:
216, 240, 237, 242, 219, 239, 230, 233, 245, 253, 236, 230, 220, 236, 256, 247, 253, 256, 230, 240, 247, 256, 234, 226, 249, 255, 239, 240, 239, 246, 236, 249, 248, 256, 250, 220, 227, 261, 252, 256, 239, 261, 243, 228, 248, 247, 239, 259, 248, 259, 243, 259, 245, 256, 247, 256, 252, 248, 250, 254, 233, 248, 216, 252, 240, 238, 231, 249, 239, 219, 252, 222, 245, 253, 251, 243, 240, 255, 259, 244, 258, 251, 260, 211, 251, 253, 257, 248, 239, 226, 237, 258, 239, 247, 256, 247, 258, 256, 244, 232
Number of unique chromosomes (out of 100 chromosomes in total): 96
**********************************************************************
Printing generation: 121
Best chromosome in current generation with value: 163, competence: 237.000:
1, 3, 1, 1, 3, 3, 2, 2, 3, 3, 2, 1, 2, 3, 2, 3, 3, 1, 2, 3, 2, 2, 1, 2, 2, 3, 2, 1, 2, 3, 3, 3, 1, 1, 2, 1, 3, 2, 3, 2
competence values:
237, 239, 258, 246, 258, 250, 243, 218, 248, 235, 262, 255, 233, 244, 257, 253, 242, 253, 248, 244, 247, 245, 251, 235, 248, 253, 262, 244, 253, 253, 246, 255, 253, 250, 257, 248, 251, 260, 243, 259, 242, 254, 201, 252, 216, 229, 256, 246, 258, 246, 254, 250, 239, 247, 240, 248, 237, 243, 247, 252, 244, 254, 245, 248, 249, 252, 239, 256, 226, 238, 248, 248, 249, 231, 240, 251, 259, 252, 216, 229, 257, 244, 241, 230, 238, 231, 251, 254, 243, 250, 252, 242, 249, 255, 249, 228, 239, 231, 249, 260
Number of unique chromosomes (out of 100 chromosomes in total): 95
**********************************************************************
Printing generation: 131
Best chromosome in current generation with value: 149, competence: 252.000:
1, 1, 3, 1, 3, 3, 2, 2, 3, 3, 1, 1, 2, 3, 3, 2, 3, 1, 1, 1, 2, 2, 2, 1, 1, 2, 2, 2, 2, 3, 3, 3, 1, 1, 2, 2, 3, 2, 3, 2
competence values:
252, 249, 257, 250, 258, 243, 252, 250, 263, 260, 256, 255, 257, 235, 261, 244, 251, 258, 242, 246, 255, 258, 249, 252, 245, 244, 245, 234, 238, 252, 257, 258, 256, 255, 250, 239, 243, 245, 229, 258, 218, 257, 252, 254, 234, 252, 224, 247, 258, 249, 253, 253, 248, 249, 250, 247, 250, 251, 250, 242, 234, 256, 246, 238, 255, 261, 254, 258, 252, 256, 230, 232, 254, 236, 257, 250, 245, 252, 256, 257, 255, 256, 253, 259, 257, 222, 246, 258, 255, 256, 256, 255, 248, 239, 263, 234, 258, 258, 249, 238
Number of unique chromosomes (out of 100 chromosomes in total): 92
**********************************************************************
Printing generation: 141
Best chromosome in current generation with value: 143, competence: 246.000:
1, 1, 3, 1, 3, 3, 2, 2, 3, 3, 1, 1, 2, 3, 1, 2, 3, 1, 1, 1, 2, 2, 1, 3, 2, 3, 2, 2, 2, 3, 3, 3, 1, 1, 2, 2, 3, 3, 3, 2
competence values:
246, 251, 249, 255, 237, 238, 234, 256, 245, 246, 258, 255, 251, 241, 234, 256, 256, 262, 255, 250, 252, 233, 244, 246, 258, 258, 254, 243, 261, 247, 259, 250, 238, 243, 249, 249, 255, 255, 253, 244, 235, 258, 234, 257, 246, 232, 238, 254, 257, 253, 227, 248, 244, 225, 259, 254, 242, 255, 223, 256, 243, 230, 229, 246, 248, 257, 263, 253, 257, 260, 255, 250, 258, 255, 245, 251, 235, 226, 237, 235, 245, 258, 253, 257, 257, 242, 247, 247, 239, 243, 258, 257, 240, 242, 254, 248, 241, 246, 230, 234
Number of unique chromosomes (out of 100 chromosomes in total): 95
**********************************************************************
Printing generation: 151
Best chromosome in current generation with value: 148, competence: 255.000:
1, 3, 3, 2, 3, 3, 2, 2, 3, 3, 2, 1, 2, 3, 2, 3, 2, 1, 1, 1, 2, 2, 1, 2, 2, 3, 2, 2, 2, 3, 3, 3, 1, 1, 2, 1, 2, 2, 3, 2
competence values:
255, 242, 248, 237, 232, 255, 246, 251, 247, 226, 234, 248, 252, 260, 234, 242, 259, 251, 235, 254, 247, 244, 246, 252, 256, 256, 258, 248, 251, 247, 239, 243, 254, 255, 256, 244, 255, 262, 257, 256, 255, 254, 246, 241, 247, 239, 236, 255, 254, 256, 258, 255, 247, 247, 239, 244, 256, 259, 248, 259, 256, 261, 256, 256, 250, 247, 246, 249, 261, 258, 257, 248, 243, 256, 261, 257, 229, 238, 259, 250, 261, 242, 259, 246, 234, 253, 250, 238, 256, 256, 259, 255, 255, 254, 243, 246, 262, 257, 248, 262
Number of unique chromosomes (out of 100 chromosomes in total): 92
**********************************************************************
Printing generation: 161
Best chromosome in current generation with value: 176, competence: 254.000:
1, 1, 3, 1, 3, 3, 2, 2, 2, 2, 1, 1, 2, 3, 1, 2, 3, 2, 1, 1, 2, 2, 1, 2, 2, 3, 2, 2, 2, 3, 3, 3, 1, 1, 2, 1, 1, 2, 3, 2
competence values:
254, 243, 247, 259, 246, 241, 251, 256, 252, 258, 254, 247, 258, 248, 236, 259, 236, 249, 251, 256, 250, 247, 251, 259, 251, 246, 264, 263, 246, 253, 263, 246, 263, 260, 255, 247, 246, 246, 254, 252, 250, 252, 258, 258, 260, 253, 245, 259, 239, 235, 254, 237, 248, 251, 257, 250, 240, 256, 239, 250, 245, 257, 247, 259, 254, 259, 254, 256, 254, 251, 252, 253, 258, 258, 255, 257, 248, 251, 251, 252, 261, 259, 257, 253, 259, 257, 249, 247, 259, 262, 245, 238, 236, 252, 255, 263, 255, 257, 259, 252
Number of unique chromosomes (out of 100 chromosomes in total): 91
**********************************************************************
Printing generation: 171
Best chromosome in current generation with value: 157, competence: 238.000:
1, 1, 3, 1, 3, 3, 2, 2, 3, 3, 1, 1, 2, 3, 3, 2, 3, 1, 1, 2, 2, 2, 1, 3, 2, 3, 1, 2, 2, 3, 3, 3, 1, 3, 2, 2, 1, 2, 3, 2
competence values:
238, 251, 247, 246, 253, 254, 250, 237, 258, 256, 243, 258, 246, 249, 251, 239, 258, 258, 250, 256, 260, 242, 239, 252, 250, 255, 256, 250, 255, 245, 250, 243, 251, 246, 238, 262, 250, 246, 247, 250, 257, 251, 222, 253, 251, 255, 244, 258, 234, 244, 255, 259, 252, 246, 250, 255, 257, 256, 248, 240, 246, 257, 255, 238, 252, 246, 249, 257, 244, 246, 241, 250, 256, 240, 249, 249, 259, 234, 242, 254, 258, 249, 240, 246, 255, 230, 250, 257, 242, 239, 242, 243, 255, 257, 249, 248, 249, 245, 255, 251
Number of unique chromosomes (out of 100 chromosomes in total): 94
**********************************************************************
Printing generation: 181
Best chromosome in current generation with value: 159, competence: 250.000:
1, 3, 1, 1, 3, 3, 2, 2, 2, 3, 1, 3, 2, 3, 1, 2, 3, 1, 1, 1, 2, 2, 1, 2, 2, 3, 2, 2, 2, 1, 3, 3, 1, 1, 3, 2, 3, 3, 2, 2
competence values:
250, 247, 238, 251, 246, 261, 262, 252, 235, 251, 247, 258, 243, 241, 246, 249, 252, 250, 261, 249, 253, 239, 260, 251, 254, 255, 252, 258, 256, 251, 243, 234, 251, 236, 252, 253, 256, 247, 255, 241, 258, 252, 245, 255, 249, 247, 250, 237, 251, 244, 240, 245, 262, 245, 244, 235, 250, 251, 237, 251, 243, 229, 255, 248, 245, 236, 250, 259, 246, 247, 256, 250, 252, 256, 247, 235, 244, 263, 261, 255, 245, 244, 249, 242, 234, 251, 254, 244, 252, 245, 231, 256, 246, 260, 246, 247, 258, 251, 238, 248
Number of unique chromosomes (out of 100 chromosomes in total): 96
**********************************************************************
Printing generation: 191
Best chromosome in current generation with value: 154, competence: 252.000:
1, 3, 1, 1, 3, 3, 2, 2, 3, 3, 1, 1, 2, 3, 3, 2, 3, 2, 1, 1, 2, 2, 1, 3, 2, 3, 2, 2, 2, 3, 3, 3, 1, 1, 2, 1, 1, 3, 3, 3
competence values:
252, 256, 238, 262, 247, 252, 243, 242, 247, 261, 244, 245, 244, 227, 255, 260, 256, 244, 233, 260, 235, 255, 238, 246, 246, 261, 253, 254, 253, 235, 254, 254, 235, 256, 244, 236, 253, 258, 257, 246, 235, 243, 251, 250, 255, 249, 256, 253, 258, 254, 246, 245, 238, 243, 241, 252, 244, 244, 235, 243, 250, 246, 252, 253, 247, 256, 235, 237, 247, 255, 253, 235, 243, 257, 246, 249, 253, 256, 256, 235, 253, 263, 244, 251, 257, 255, 236, 232, 246, 242, 250, 257, 252, 255, 241, 241, 246, 242, 258, 253
Number of unique chromosomes (out of 100 chromosomes in total): 88
**********************************************************************
Printing generation: 201
Best chromosome in current generation with value: 144, competence: 237.000:
1, 3, 1, 1, 3, 3, 2, 2, 2, 3, 1, 1, 2, 3, 3, 2, 3, 1, 1, 1, 1, 2, 1, 2, 2, 3, 2, 2, 2, 3, 3, 3, 1, 1, 3, 2, 1, 3, 3, 2
competence values:
237, 241, 243, 258, 231, 256, 248, 251, 256, 251, 251, 256, 247, 246, 259, 247, 256, 252, 246, 258, 243, 254, 238, 255, 244, 247, 247, 247, 243, 240, 246, 249, 255, 246, 248, 235, 257, 246, 248, 237, 235, 233, 243, 246, 246, 253, 251, 248, 244, 262, 250, 237, 254, 255, 221, 256, 246, 246, 246, 253, 245, 236, 242, 235, 256, 245, 246, 255, 244, 238, 251, 245, 258, 255, 244, 235, 241, 245, 242, 248, 247, 238, 252, 248, 246, 243, 247, 256, 242, 244, 237, 247, 247, 244, 253, 242, 240, 243, 240, 243
Number of unique chromosomes (out of 100 chromosomes in total): 92
**********************************************************************
Printing generation: 211
Best chromosome in current generation with value: 145, competence: 245.000:
1, 3, 1, 1, 3, 3, 2, 2, 3, 3, 1, 1, 2, 3, 3, 2, 3, 2, 1, 1, 2, 1, 1, 2, 2, 3, 2, 2, 2, 3, 3, 3, 1, 1, 2, 1, 1, 3, 3, 2
competence values:
245, 244, 245, 244, 242, 245, 238, 235, 251, 242, 259, 245, 254, 238, 255, 255, 247, 243, 253, 252, 253, 245, 248, 255, 248, 252, 255, 257, 235, 256, 259, 257, 260, 240, 237, 253, 249, 258, 262, 255, 261, 255, 249, 257, 246, 243, 252, 262, 252, 252, 240, 242, 257, 254, 249, 258, 244, 258, 254, 258, 260, 245, 240, 243, 250, 237, 238, 239, 250, 256, 257, 250, 258, 242, 246, 241, 256, 258, 253, 251, 251, 251, 260, 255, 236, 243, 238, 238, 260, 255, 248, 255, 231, 247, 251, 257, 255, 256, 261, 258
Number of unique chromosomes (out of 100 chromosomes in total): 86
**********************************************************************
Printing generation: 221
Best chromosome in current generation with value: 159, competence: 260.000:
1, 3, 3, 1, 3, 3, 2, 2, 2, 3, 1, 1, 2, 3, 3, 2, 3, 1, 1, 1, 2, 2, 1, 2, 2, 3, 2, 2, 2, 3, 3, 3, 1, 1, 2, 2, 1, 2, 3, 2
competence values:
260, 245, 235, 247, 248, 255, 255, 248, 245, 242, 250, 258, 248, 244, 237, 246, 256, 251, 256, 258, 258, 255, 252, 246, 245, 246, 256, 243, 238, 248, 258, 258, 235, 246, 250, 254, 245, 248, 246, 243, 243, 245, 254, 236, 256, 259, 259, 248, 254, 258, 258, 258, 242, 257, 243, 255, 243, 249, 258, 254, 245, 249, 249, 235, 255, 257, 247, 258, 251, 241, 243, 245, 242, 246, 258, 259, 242, 254, 237, 242, 249, 242, 237, 257, 235, 260, 243, 255, 242, 249, 245, 247, 253, 248, 246, 251, 242, 255, 248, 240
Number of unique chromosomes (out of 100 chromosomes in total): 79
**********************************************************************
Printing generation: 231
Best chromosome in current generation with value: 138, competence: 250.000:
1, 3, 1, 1, 3, 3, 2, 2, 2, 3, 1, 1, 2, 3, 3, 2, 3, 2, 1, 1, 2, 2, 1, 3, 2, 3, 2, 2, 2, 3, 3, 3, 1, 1, 2, 2, 1, 3, 3, 3
competence values:
250, 256, 254, 254, 255, 246, 252, 247, 238, 227, 247, 249, 248, 257, 247, 250, 256, 249, 263, 239, 247, 260, 254, 256, 259, 258, 248, 259, 258, 230, 254, 249, 252, 256, 236, 248, 254, 258, 233, 244, 224, 248, 243, 257, 263, 224, 257, 256, 249, 240, 254, 254, 264, 252, 247, 231, 244, 243, 253, 246, 254, 246, 228, 242, 254, 252, 253, 260, 244, 250, 244, 239, 244, 244, 244, 250, 236, 242, 253, 249, 245, 258, 236, 253, 261, 253, 261, 247, 239, 244, 256, 236, 252, 254, 253, 248, 252, 249, 246, 246
Number of unique chromosomes (out of 100 chromosomes in total): 81
**********************************************************************
Printing generation: 241
Best chromosome in current generation with value: 140, competence: 233.000:
1, 3, 3, 1, 3, 3, 2, 2, 2, 3, 1, 1, 2, 3, 3, 2, 3, 2, 1, 1, 2, 2, 1, 3, 2, 3, 2, 2, 2, 3, 3, 3, 1, 1, 2, 2, 1, 3, 3, 3
competence values:
233, 259, 237, 248, 237, 260, 238, 258, 249, 262, 236, 232, 248, 249, 241, 249, 253, 246, 258, 256, 244, 210, 257, 236, 239, 249, 253, 223, 236, 258, 246, 259, 233, 258, 247, 246, 262, 246, 227, 239, 222, 237, 218, 246, 258, 249, 248, 245, 223, 258, 242, 246, 246, 196, 246, 253, 255, 262, 257, 257, 253, 257, 247, 253, 246, 253, 260, 246, 250, 231, 247, 236, 215, 243, 255, 253, 249, 249, 249, 237, 255, 258, 257, 252, 257, 246, 245, 242, 241, 249, 247, 245, 243, 241, 238, 256, 237, 248, 238, 210
Number of unique chromosomes (out of 100 chromosomes in total): 87
**********************************************************************
Printing generation: 251
Best chromosome in current generation with value: 160, competence: 252.000:
1, 3, 3, 1, 3, 3, 2, 2, 3, 3, 1, 1, 2, 3, 3, 2, 3, 2, 1, 1, 2, 2, 1, 3, 2, 3, 2, 2, 2, 3, 3, 3, 1, 1, 2, 2, 1, 3, 3, 3
competence values:
252, 247, 258, 245, 257, 250, 258, 263, 242, 257, 257, 245, 257, 260, 257, 245, 255, 253, 257, 254, 245, 257, 247, 247, 248, 251, 252, 235, 257, 216, 251, 258, 257, 247, 216, 245, 243, 257, 259, 257, 247, 246, 259, 245, 257, 257, 245, 257, 257, 257, 242, 256, 258, 258, 241, 258, 259, 257, 230, 236, 246, 256, 253, 250, 257, 241, 259, 233, 257, 256, 257, 249, 245, 256, 257, 250, 250, 258, 257, 250, 248, 248, 258, 256, 246, 250, 233, 241, 256, 253, 245, 248, 246, 223, 238, 251, 262, 237, 249, 245
Number of unique chromosomes (out of 100 chromosomes in total): 70
**********************************************************************
Printing generation: 261
Best chromosome in current generation with value: 136, competence: 254.000:
3, 3, 1, 1, 3, 3, 2, 2, 2, 1, 1, 1, 2, 3, 3, 2, 3, 2, 1, 1, 2, 2, 1, 3, 2, 3, 2, 2, 3, 3, 3, 3, 1, 1, 2, 2, 1, 2, 3, 3
competence values:
254, 249, 246, 250, 245, 235, 257, 257, 245, 257, 257, 258, 246, 248, 248, 249, 246, 260, 258, 249, 257, 256, 257, 244, 253, 253, 258, 257, 252, 251, 249, 257, 263, 235, 241, 260, 257, 239, 257, 254, 257, 240, 254, 262, 258, 245, 253, 244, 254, 258, 257, 238, 258, 261, 255, 247, 247, 252, 245, 257, 248, 238, 255, 256, 240, 245, 248, 258, 257, 254, 250, 258, 240, 257, 255, 258, 257, 256, 257, 246, 250, 245, 235, 255, 246, 258, 249, 245, 255, 257, 259, 258, 246, 257, 259, 260, 253, 228, 245, 235
Number of unique chromosomes (out of 100 chromosomes in total): 65
**********************************************************************
New best solution found in generation: 271
Best chromosome in current generation with value: 133, competence: 250.000:
1, 3, 1, 1, 3, 3, 2, 2, 2, 3, 1, 1, 2, 3, 3, 2, 3, 2, 1, 1, 2, 2, 1, 3, 2, 3, 2, 2, 1, 3, 3, 3, 1, 1, 2, 2, 1, 2, 3, 3
competence values:
250, 257, 258, 257, 257, 246, 252, 257, 257, 252, 259, 259, 252, 246, 257, 257, 258, 258, 248, 258, 258, 254, 258, 257, 257, 257, 257, 257, 256, 255, 257, 258, 257, 257, 258, 259, 256, 258, 254, 259, 257, 259, 246, 258, 253, 259, 255, 250, 251, 257, 258, 256, 257, 258, 248, 258, 246, 258, 251, 246, 246, 246, 258, 258, 259, 249, 257, 259, 250, 257, 259, 258, 256, 258, 257, 256, 257, 250, 259, 259, 259, 250, 257, 258, 258, 240, 256, 258, 259, 251, 259, 257, 257, 246, 256, 257, 252, 260, 259, 254
Number of unique chromosomes (out of 100 chromosomes in total): 58
**********************************************************************
Printing generation: 281
Best chromosome in current generation with value: 137, competence: 239.000:
1, 3, 1, 1, 3, 3, 2, 2, 2, 3, 1, 1, 2, 3, 2, 2, 1, 1, 1, 1, 2, 2, 1, 3, 2, 3, 2, 2, 2, 3, 3, 3, 1, 1, 2, 2, 1, 3, 3, 3
competence values:
239, 253, 258, 258, 259, 252, 253, 259, 259, 257, 252, 258, 244, 258, 259, 258, 257, 258, 251, 259, 258, 259, 258, 256, 264, 238, 257, 258, 257, 257, 259, 258, 257, 259, 258, 255, 261, 257, 252, 258, 258, 257, 258, 255, 264, 251, 257, 263, 259, 258, 258, 257, 260, 256, 257, 260, 255, 257, 251, 253, 263, 243, 256, 258, 258, 252, 252, 257, 257, 259, 260, 257, 258, 258, 259, 262, 263, 238, 259, 257, 258, 256, 256, 252, 254, 258, 252, 259, 259, 258, 259, 251, 256, 258, 257, 252, 257, 258, 258, 263
Number of unique chromosomes (out of 100 chromosomes in total): 49
**********************************************************************
Printing generation: 291
Best chromosome in current generation with value: 139, competence: 259.000:
1, 3, 1, 1, 3, 3, 2, 2, 2, 3, 1, 1, 2, 1, 2, 2, 3, 2, 1, 1, 2, 2, 1, 3, 2, 3, 2, 2, 2, 3, 3, 3, 1, 1, 2, 2, 1, 3, 3, 3
competence values:
259, 258, 260, 249, 257, 257, 257, 259, 249, 259, 259, 258, 259, 259, 259, 258, 259, 244, 243, 259, 257, 258, 257, 258, 260, 258, 259, 258, 259, 258, 251, 251, 257, 257, 257, 259, 257, 259, 252, 254, 259, 259, 259, 251, 257, 259, 260, 258, 259, 255, 263, 258, 257, 253, 259, 244, 257, 256, 257, 258, 253, 248, 259, 259, 256, 256, 259, 256, 254, 258, 256, 260, 259, 257, 259, 257, 252, 243, 252, 258, 258, 259, 263, 258, 259, 252, 244, 258, 249, 258, 258, 257, 257, 258, 258, 258, 259, 256, 249, 257
Number of unique chromosomes (out of 100 chromosomes in total): 59
**********************************************************************
Printing generation: 301
Best chromosome in current generation with value: 137, competence: 251.000:
1, 3, 1, 1, 3, 3, 2, 2, 2, 3, 1, 1, 2, 1, 2, 2, 1, 1, 1, 1, 2, 2, 1, 3, 2, 3, 2, 3, 2, 3, 3, 3, 1, 1, 2, 3, 1, 3, 3, 3
competence values:
251, 230, 251, 252, 249, 258, 259, 250, 256, 246, 246, 259, 246, 248, 258, 263, 256, 260, 259, 259, 260, 257, 250, 258, 259, 261, 250, 246, 259, 260, 251, 259, 259, 258, 251, 263, 260, 263, 257, 249, 251, 252, 259, 259, 248, 258, 258, 258, 259, 249, 260, 258, 259, 259, 258, 259, 259, 250, 258, 257, 259, 258, 258, 263, 261, 257, 259, 257, 259, 260, 249, 236, 259, 261, 263, 246, 259, 257, 249, 259, 246, 263, 257, 252, 259, 252, 263, 255, 256, 259, 259, 260, 254, 256, 258, 259, 261, 257, 255, 259
Number of unique chromosomes (out of 100 chromosomes in total): 64
**********************************************************************
Printing generation: 311
Best chromosome in current generation with value: 144, competence: 245.000:
3, 3, 1, 1, 3, 1, 2, 2, 2, 3, 1, 1, 2, 1, 2, 2, 1, 1, 1, 1, 2, 2, 2, 3, 1, 3, 2, 2, 2, 3, 3, 3, 1, 1, 2, 2, 1, 3, 3, 3
competence values:
245, 244, 253, 258, 258, 260, 257, 259, 253, 258, 258, 257, 244, 254, 249, 247, 263, 257, 259, 249, 261, 253, 257, 260, 257, 259, 260, 264, 247, 244, 256, 257, 246, 264, 259, 258, 257, 258, 249, 264, 257, 263, 263, 256, 252, 260, 262, 258, 246, 253, 259, 256, 258, 244, 260, 254, 257, 259, 246, 261, 256, 264, 261, 259, 259, 258, 258, 246, 246, 257, 244, 246, 246, 257, 257, 264, 257, 258, 264, 244, 259, 259, 257, 255, 259, 258, 260, 259, 258, 259, 261, 259, 263, 257, 259, 254, 253, 257, 258, 259
Number of unique chromosomes (out of 100 chromosomes in total): 61
**********************************************************************
Printing generation: 321
Best chromosome in current generation with value: 138, competence: 259.000:
1, 3, 1, 1, 3, 3, 2, 2, 2, 3, 1, 3, 2, 3, 3, 2, 1, 1, 1, 1, 2, 2, 1, 3, 2, 3, 2, 2, 1, 3, 3, 3, 1, 1, 2, 2, 1, 2, 3, 3
competence values:
259, 260, 246, 257, 255, 264, 258, 252, 264, 264, 252, 244, 254, 247, 247, 259, 257, 258, 257, 259, 255, 263, 258, 258, 248, 259, 260, 257, 260, 258, 250, 251, 256, 255, 255, 264, 258, 261, 260, 246, 255, 263, 252, 259, 264, 244, 264, 255, 259, 241, 252, 255, 244, 258, 258, 259, 251, 257, 257, 258, 258, 259, 260, 246, 259, 264, 260, 259, 263, 252, 263, 260, 259, 253, 244, 255, 264, 244, 259, 259, 260, 251, 244, 244, 250, 246, 245, 257, 258, 264, 259, 249, 263, 263, 257, 253, 259, 258, 258, 257
Number of unique chromosomes (out of 100 chromosomes in total): 54
**********************************************************************
Printing generation: 331
Best chromosome in current generation with value: 141, competence: 258.000:
1, 3, 1, 1, 1, 3, 2, 2, 2, 3, 1, 1, 2, 1, 2, 2, 1, 2, 1, 1, 2, 2, 1, 3, 2, 3, 2, 2, 2, 3, 3, 3, 1, 1, 2, 2, 1, 2, 3, 3
competence values:
258, 247, 239, 264, 248, 262, 257, 242, 259, 259, 261, 260, 254, 261, 256, 259, 263, 260, 229, 255, 259, 244, 259, 260, 239, 258, 251, 258, 252, 263, 255, 259, 260, 245, 263, 255, 246, 256, 252, 261, 258, 260, 263, 259, 259, 260, 242, 262, 259, 244, 251, 251, 263, 259, 255, 255, 263, 244, 264, 252, 259, 239, 255, 259, 261, 263, 259, 239, 260, 259, 250, 250, 248, 256, 257, 253, 260, 249, 263, 244, 261, 264, 244, 260, 244, 258, 246, 264, 244, 260, 239, 264, 259, 262, 246, 259, 255, 259, 246, 263
Number of unique chromosomes (out of 100 chromosomes in total): 64
**********************************************************************
New best solution found in generation: 336
Best chromosome in current generation with value: 132, competence: 255.000:
1, 3, 1, 1, 3, 3, 2, 2, 2, 3, 1, 1, 2, 3, 3, 2, 1, 1, 1, 1, 2, 2, 1, 3, 2, 3, 2, 2, 2, 3, 3, 3, 1, 1, 2, 3, 1, 2, 3, 3
competence values:
255, 259, 259, 259, 259, 244, 239, 259, 259, 242, 245, 260, 255, 246, 258, 260, 259, 248, 259, 259, 253, 246, 258, 251, 260, 263, 244, 263, 254, 249, 260, 262, 257, 254, 258, 239, 255, 251, 258, 264, 258, 250, 257, 259, 263, 251, 263, 263, 260, 260, 264, 260, 237, 239, 261, 258, 238, 263, 260, 259, 259, 260, 259, 242, 251, 239, 262, 260, 259, 258, 258, 263, 258, 262, 246, 246, 256, 253, 263, 259, 264, 251, 251, 251, 259, 263, 258, 246, 246, 246, 255, 259, 259, 258, 255, 258, 264, 259, 260, 254
Number of unique chromosomes (out of 100 chromosomes in total): 54
-----------------------------------------
Overall number of generations created: 336
Number of seconds elapsed: 3.850
The final solution:
m1 : J18(2, 1), J12(3, 1), J4(5, 1), J3(6, 1), J17(6, 1), J37(6, 1), J19(9, 1), J11(11, 1), J20(12, 1), J1(14, 1), J33(18, 1), J23(20, 1), J34(20, 1) 	 sum: 132, types: 1
m2 : J38(1, 1), J7(4, 1), J27(6, 1), J8(7, 1), J13(7, 1), J28(8, 1), J35(8, 1), J29(9, 1), J25(13, 1), J16(15, 1), J22(16, 1), J21(18, 1), J9(20, 1) 	 sum: 132, types: 1
m3 : J15(1, 1), J32(2, 1), J6(3, 1), J14(5, 1), J36(5, 1), J5(6, 1), J39(9, 1), J40(10, 1), J2(12, 1), J24(12, 1), J30(12, 1), J26(15, 1), J10(20, 1), J31(20, 1) 	 sum: 132, types: 1

Objective function's value: max{132, 132, 132} = 132
*Lower bound (not necessarily tight): 132

**output format:
	m_k is the k'th machine.
	J_i(P, T, M) is the i'th job with processing time P, of type T, and is assigned to machine M (marked as '?' when unassigned).