The problem had 40 jobs that needed to be scheduled on 3 machines.
**********************************************************************
printing Initial generation:
Best chromosome in current generation with value: 149, competence: 270.000:
1, 2, 3, 1, 2, 3, 1, 2, 3, 1, 2, 3, 1, 2, 3, 1, 2, 3, 1, 2, 3, 1, 2, 3, 1, 2, 3, 1, 2, 3, 1, 2, 3, 1, 2, 3, 1, 2, 3, 1
competence values:
270, 271, 247, 259, 252, 250, 265, 245, 243, 233, 202, 233, 232, 263, 238, 233, 242, 205, 182, 250, 255, 255, 264, 269, 217, 265, 198, 258, 240, 265, 236, 240, 232, 220, 267, 251, 234, 249, 232, 252, 263, 231, 255, 268, 252, 259, 246, 272, 216, 256, 224, 224, 264, 242, 231, 265, 247, 250, 251, 229, 253, 257, 250, 255, 240, 254, 263, 249, 256, 242, 261, 227, 191, 231, 197, 242, 225, 266, 228, 260, 270, 265, 248, 234, 244, 238, 232, 247, 238, 230, 236, 275, 254, 276, 256, 231, 222, 232, 209, 233
Number of unique chromosomes (out of 100 chromosomes in total): 100
**********************************************************************
Printing generation: 11
Best chromosome in current generation with value: 152, competence: 270.000:
2, 1, 2, 1, 2, 3, 1, 2, 1, 1, 2, 2, 2, 2, 1, 3, 3, 3, 3, 3, 1, 2, 3, 3, 1, 3, 3, 2, 2, 1, 3, 2, 1, 3, 1, 1, 1, 2, 2, 2
competence values:
270, 228, 222, 251, 248, 257, 249, 258, 241, 254, 232, 217, 254, 270, 274, 269, 234, 237, 247, 250, 250, 262, 245, 214, 249, 257, 265, 259, 225, 234, 275, 260, 222, 258, 235, 246, 267, 262, 250, 235, 262, 234, 267, 272, 252, 191, 262, 235, 263, 256, 250, 226, 266, 260, 275, 253, 254, 252, 269, 255, 219, 259, 247, 262, 238, 247, 242, 253, 243, 238, 271, 270, 275, 244, 248, 277, 217, 260, 258, 254, 268, 249, 242, 269, 217, 197, 256, 221, 226, 227, 201, 245, 258, 246, 248, 256, 224, 240, 267, 256
Number of unique chromosomes (out of 100 chromosomes in total): 99
**********************************************************************
New best solution found in generation: 16
Best chromosome in current generation with value: 147, competence: 245.000:
2, 1, 1, 1, 3, 1, 1, 3, 2, 1, 3, 1, 2, 2, 1, 3, 3, 3, 3, 3, 1, 2, 2, 2, 2, 3, 2, 1, 2, 2, 3, 1, 1, 1, 2, 2, 3, 2, 2, 3
competence values:
245, 243, 252, 231, 238, 269, 260, 268, 269, 242, 255, 248, 257, 265, 239, 234, 227, 270, 239, 247, 261, 261, 272, 257, 261, 260, 241, 254, 260, 253, 186, 268, 231, 248, 250, 274, 211, 257, 262, 248, 255, 259, 251, 241, 259, 251, 246, 264, 252, 241, 262, 253, 248, 262, 221, 269, 262, 263, 249, 269, 265, 249, 244, 203, 274, 272, 256, 252, 266, 254, 261, 238, 276, 241, 222, 252, 242, 244, 274, 268, 248, 229, 263, 242, 217, 227, 262, 219, 246, 259, 276, 270, 267, 233, 263, 224, 258, 264, 264, 255
Number of unique chromosomes (out of 100 chromosomes in total): 100
**********************************************************************
Printing generation: 21
Best chromosome in current generation with value: 164, competence: 260.000:
3, 3, 1, 3, 2, 1, 1, 1, 1, 2, 1, 1, 2, 2, 1, 3, 3, 3, 3, 3, 1, 2, 2, 1, 1, 2, 2, 2, 1, 3, 3, 2, 1, 1, 2, 2, 3, 2, 2, 2
competence values:
260, 259, 265, 270, 239, 217, 250, 254, 271, 257, 271, 269, 236, 218, 265, 250, 257, 269, 252, 247, 269, 273, 240, 265, 204, 269, 232, 262, 255, 265, 236, 245, 251, 261, 257, 245, 259, 263, 256, 258, 231, 258, 235, 248, 239, 241, 231, 262, 259, 276, 241, 245, 254, 258, 247, 264, 245, 274, 255, 261, 261, 242, 254, 260, 220, 231, 264, 267, 269, 232, 274, 251, 240, 260, 272, 247, 258, 256, 242, 256, 245, 244, 263, 253, 249, 264, 174, 271, 200, 266, 241, 220, 263, 230, 263, 262, 236, 223, 270, 229
Number of unique chromosomes (out of 100 chromosomes in total): 99
**********************************************************************
Printing generation: 31
Best chromosome in current generation with value: 156, competence: 251.000:
2, 1, 1, 1, 3, 1, 2, 3, 3, 1, 2, 1, 2, 2, 2, 3, 3, 2, 2, 2, 3, 1, 2, 1, 1, 2, 2, 2, 1, 3, 3, 1, 1, 1, 2, 2, 3, 3, 2, 1
competence values:
251, 271, 251, 250, 251, 247, 242, 242, 274, 261, 263, 266, 240, 262, 252, 246, 215, 257, 221, 250, 216, 271, 251, 243, 231, 237, 256, 268, 235, 268, 251, 251, 268, 243, 268, 273, 270, 224, 261, 242, 273, 249, 251, 221, 223, 258, 246, 256, 261, 236, 268, 250, 263, 268, 245, 261, 260, 235, 231, 242, 207, 214, 242, 226, 224, 263, 242, 244, 252, 227, 263, 235, 233, 270, 251, 245, 267, 257, 217, 244, 243, 251, 264, 265, 244, 259, 249, 265, 271, 230, 231, 223, 242, 269, 256, 276, 239, 245, 246, 260
Number of unique chromosomes (out of 100 chromosomes in total): 97
**********************************************************************
Printing generation: 41
Best chromosome in current generation with value: 208, competence: 265.000:
1, 3, 2, 1, 1, 3, 1, 1, 1, 1, 2, 2, 2, 2, 1, 3, 3, 3, 3, 3, 1, 1, 2, 1, 1, 2, 2, 3, 1, 1, 1, 1, 1, 3, 1, 1, 1, 2, 2, 2
competence values:
265, 240, 238, 256, 244, 254, 253, 260, 222, 254, 226, 272, 227, 269, 256, 234, 272, 243, 218, 250, 275, 235, 242, 258, 253, 243, 224, 258, 198, 248, 255, 264, 236, 247, 251, 243, 262, 244, 276, 258, 274, 253, 255, 227, 230, 265, 272, 248, 243, 216, 231, 268, 267, 255, 274, 209, 261, 247, 276, 244, 272, 253, 253, 253, 264, 260, 217, 268, 235, 249, 253, 232, 234, 253, 257, 240, 253, 257, 250, 255, 265, 262, 236, 242, 246, 266, 251, 254, 264, 246, 246, 239, 265, 260, 227, 244, 252, 248, 266, 227
Number of unique chromosomes (out of 100 chromosomes in total): 98
**********************************************************************
New best solution found in generation: 45
Best chromosome in current generation with value: 143, competence: 203.000:
1, 2, 2, 1, 1, 1, 2, 3, 3, 3, 1, 1, 2, 2, 1, 3, 3, 3, 3, 3, 1, 1, 1, 2, 1, 2, 2, 3, 3, 2, 3, 2, 2, 1, 1, 2, 3, 1, 2, 2
competence values:
203, 209, 207, 255, 226, 245, 243, 256, 265, 260, 256, 246, 234, 276, 227, 236, 266, 230, 250, 267, 274, 222, 256, 261, 265, 213, 248, 225, 262, 230, 251, 239, 242, 201, 260, 257, 262, 254, 239, 253, 246, 260, 278, 258, 264, 258, 247, 254, 257, 225, 261, 241, 262, 245, 272, 255, 246, 243, 272, 247, 220, 252, 208, 253, 213, 267, 265, 253, 243, 255, 261, 274, 240, 272, 271, 215, 250, 245, 254, 227, 256, 236, 245, 272, 232, 256, 243, 255, 259, 232, 245, 271, 264, 250, 252, 249, 271, 252, 262, 270
Number of unique chromosomes (out of 100 chromosomes in total): 97
**********************************************************************
Printing generation: 51
Best chromosome in current generation with value: 205, competence: 247.000:
3, 3, 2, 1, 1, 3, 1, 1, 1, 1, 2, 1, 2, 1, 1, 3, 3, 2, 2, 2, 1, 1, 1, 1, 1, 2, 2, 2, 1, 1, 1, 3, 1, 3, 1, 1, 3, 2, 2, 2
competence values:
247, 245, 256, 266, 221, 248, 203, 264, 253, 236, 248, 265, 266, 200, 219, 257, 268, 243, 253, 217, 252, 210, 240, 265, 253, 268, 264, 249, 219, 262, 202, 243, 260, 198, 241, 218, 259, 266, 256, 255, 274, 247, 257, 258, 231, 257, 266, 262, 273, 259, 247, 251, 251, 253, 258, 265, 253, 262, 258, 231, 271, 195, 229, 245, 250, 245, 242, 268, 268, 229, 263, 245, 240, 249, 268, 271, 219, 268, 260, 265, 208, 269, 255, 257, 234, 234, 265, 253, 278, 249, 263, 241, 274, 264, 259, 258, 251, 268, 277, 247
Number of unique chromosomes (out of 100 chromosomes in total): 96
**********************************************************************
Printing generation: 61
Best chromosome in current generation with value: 174, competence: 237.000:
3, 3, 2, 1, 1, 3, 2, 1, 1, 1, 1, 2, 2, 3, 1, 3, 3, 3, 3, 3, 1, 1, 1, 2, 1, 2, 2, 2, 2, 2, 3, 1, 1, 1, 2, 2, 3, 2, 2, 2
competence values:
237, 269, 248, 239, 237, 228, 230, 265, 230, 237, 249, 201, 242, 265, 247, 276, 268, 253, 250, 235, 253, 218, 249, 265, 245, 268, 248, 249, 255, 255, 265, 256, 242, 246, 260, 240, 264, 242, 193, 233, 245, 262, 244, 235, 245, 264, 244, 277, 267, 235, 259, 218, 274, 225, 265, 246, 270, 265, 247, 260, 235, 274, 274, 232, 263, 172, 253, 268, 267, 277, 249, 256, 265, 262, 269, 254, 246, 218, 245, 256, 257, 248, 243, 252, 264, 259, 258, 272, 245, 235, 245, 258, 238, 241, 252, 258, 244, 269, 247, 249
Number of unique chromosomes (out of 100 chromosomes in total): 98
**********************************************************************
Printing generation: 71
Best chromosome in current generation with value: 159, competence: 237.000:
3, 3, 1, 1, 3, 3, 2, 3, 2, 2, 1, 2, 2, 1, 1, 3, 3, 3, 2, 3, 3, 1, 2, 1, 2, 3, 2, 1, 3, 2, 2, 3, 1, 3, 1, 1, 1, 2, 2, 1
competence values:
237, 238, 264, 265, 272, 243, 265, 257, 249, 239, 235, 247, 259, 271, 247, 264, 226, 248, 269, 238, 255, 255, 273, 252, 269, 213, 256, 268, 274, 254, 254, 254, 255, 236, 265, 225, 251, 258, 240, 233, 254, 261, 270, 216, 253, 251, 257, 259, 273, 242, 257, 270, 271, 255, 224, 265, 264, 266, 271, 246, 258, 232, 252, 266, 235, 259, 237, 276, 243, 246, 260, 270, 239, 242, 264, 273, 247, 251, 244, 277, 264, 264, 277, 228, 261, 223, 254, 233, 220, 254, 269, 241, 247, 258, 273, 237, 255, 262, 220, 258
Number of unique chromosomes (out of 100 chromosomes in total): 100
**********************************************************************
New best solution found in generation: 80
Best chromosome in current generation with value: 142, competence: 217.000:
1, 3, 2, 1, 1, 3, 2, 3, 2, 2, 2, 2, 2, 1, 1, 3, 3, 3, 3, 3, 3, 1, 1, 1, 1, 2, 2, 1, 2, 1, 1, 3, 1, 3, 1, 2, 1, 2, 2, 2
competence values:
217, 243, 267, 265, 245, 237, 251, 258, 262, 256, 249, 253, 223, 241, 228, 252, 263, 249, 265, 248, 263, 232, 252, 235, 264, 241, 264, 250, 263, 258, 255, 237, 260, 255, 273, 240, 241, 228, 270, 255, 223, 264, 251, 248, 265, 217, 207, 251, 252, 261, 246, 273, 255, 209, 242, 230, 269, 262, 270, 254, 238, 230, 264, 253, 240, 255, 235, 252, 263, 242, 249, 247, 242, 247, 245, 263, 223, 228, 246, 220, 262, 231, 257, 236, 268, 237, 248, 221, 251, 244, 233, 267, 195, 227, 250, 235, 248, 232, 256, 272
Number of unique chromosomes (out of 100 chromosomes in total): 95
**********************************************************************
Printing generation: 81
Best chromosome in current generation with value: 172, competence: 277.000:
3, 1, 2, 3, 2, 3, 2, 3, 2, 1, 1, 2, 3, 3, 1, 3, 3, 3, 2, 3, 1, 1, 1, 1, 1, 2, 3, 3, 3, 2, 1, 3, 1, 2, 1, 2, 1, 2, 2, 2
competence values:
277, 262, 252, 273, 265, 265, 261, 256, 223, 256, 259, 235, 261, 265, 223, 235, 269, 242, 247, 250, 226, 242, 261, 268, 245, 248, 261, 274, 270, 209, 268, 256, 263, 241, 243, 255, 221, 235, 252, 231, 258, 247, 256, 243, 250, 246, 263, 249, 262, 235, 269, 250, 258, 269, 238, 204, 251, 263, 252, 263, 266, 258, 232, 261, 237, 256, 261, 268, 259, 257, 248, 248, 253, 242, 250, 220, 246, 238, 248, 238, 244, 218, 268, 248, 222, 249, 262, 230, 257, 263, 246, 266, 251, 251, 247, 273, 246, 233, 255, 253
Number of unique chromosomes (out of 100 chromosomes in total): 98
**********************************************************************
Printing generation: 91
Best chromosome in current generation with value: 176, competence: 247.000:
3, 2, 1, 1, 3, 1, 2, 3, 2, 1, 2, 2, 2, 1, 1, 2, 3, 3, 3, 2, 1, 1, 1, 2, 1, 2, 2, 2, 1, 2, 1, 3, 1, 2, 1, 2, 1, 2, 2, 2
competence values:
247, 244, 249, 262, 235, 247, 263, 266, 262, 236, 244, 234, 267, 267, 268, 239, 248, 251, 243, 204, 231, 267, 263, 269, 255, 253, 266, 241, 262, 246, 230, 229, 267, 247, 241, 277, 267, 269, 236, 235, 244, 262, 253, 268, 251, 271, 265, 253, 248, 252, 250, 229, 255, 254, 245, 248, 234, 247, 261, 256, 250, 261, 236, 247, 244, 251, 221, 268, 234, 217, 267, 244, 270, 235, 257, 257, 263, 257, 274, 272, 237, 267, 256, 257, 246, 247, 231, 229, 244, 259, 250, 263, 264, 263, 242, 270, 256, 274, 267, 239
Number of unique chromosomes (out of 100 chromosomes in total): 95
**********************************************************************
Printing generation: 101
Best chromosome in current generation with value: 182, competence: 261.000:
1, 1, 2, 3, 2, 3, 2, 3, 2, 3, 1, 2, 3, 3, 1, 3, 3, 3, 2, 3, 1, 1, 2, 2, 1, 2, 2, 3, 3, 2, 3, 1, 1, 3, 2, 1, 3, 3, 2, 2
competence values:
261, 268, 265, 255, 224, 273, 235, 265, 252, 276, 257, 247, 247, 255, 253, 263, 261, 266, 254, 240, 262, 265, 243, 265, 230, 261, 273, 257, 254, 266, 249, 265, 260, 253, 252, 253, 262, 261, 248, 247, 261, 264, 265, 253, 263, 269, 246, 263, 268, 243, 267, 265, 256, 271, 251, 254, 254, 258, 265, 242, 252, 241, 258, 252, 256, 262, 262, 256, 246, 274, 263, 248, 249, 275, 255, 252, 265, 265, 262, 214, 253, 236, 256, 242, 245, 255, 269, 247, 252, 269, 250, 253, 273, 257, 250, 255, 266, 258, 240, 249
Number of unique chromosomes (out of 100 chromosomes in total): 98
**********************************************************************
Printing generation: 111
Best chromosome in current generation with value: 163, competence: 249.000:
1, 1, 2, 3, 2, 3, 2, 3, 2, 1, 1, 2, 3, 1, 1, 3, 3, 3, 3, 2, 1, 1, 1, 1, 1, 2, 2, 2, 1, 2, 1, 3, 1, 3, 1, 2, 1, 2, 2, 2
competence values:
249, 259, 267, 259, 270, 267, 266, 247, 269, 253, 271, 260, 261, 257, 268, 251, 272, 268, 261, 271, 274, 273, 267, 260, 267, 227, 273, 258, 268, 260, 272, 253, 239, 219, 254, 254, 261, 275, 274, 249, 263, 259, 271, 257, 273, 265, 274, 274, 263, 275, 276, 255, 254, 268, 219, 226, 270, 275, 275, 265, 255, 275, 266, 226, 274, 262, 270, 255, 258, 266, 236, 257, 269, 265, 275, 218, 243, 260, 263, 271, 266, 254, 273, 271, 255, 273, 257, 264, 276, 259, 269, 268, 238, 255, 251, 264, 258, 263, 250, 274
Number of unique chromosomes (out of 100 chromosomes in total): 94
**********************************************************************
Printing generation: 121
Best chromosome in current generation with value: 158, competence: 263.000:
3, 3, 1, 1, 2, 3, 2, 2, 2, 1, 1, 2, 3, 3, 1, 3, 3, 3, 2, 3, 1, 1, 1, 1, 1, 2, 2, 2, 3, 2, 1, 3, 1, 2, 2, 2, 3, 2, 2, 2
competence values:
263, 269, 260, 262, 268, 256, 272, 258, 254, 261, 263, 265, 260, 254, 260, 261, 260, 261, 270, 264, 271, 248, 269, 261, 275, 270, 272, 273, 267, 251, 271, 273, 267, 262, 273, 274, 271, 256, 274, 262, 270, 272, 256, 263, 269, 237, 264, 251, 266, 262, 266, 268, 277, 276, 263, 276, 237, 263, 255, 277, 266, 268, 267, 264, 269, 268, 267, 267, 235, 254, 262, 254, 260, 268, 274, 272, 266, 262, 237, 276, 268, 270, 257, 269, 279, 269, 276, 247, 237, 266, 277, 254, 269, 270, 267, 275, 262, 258, 258, 250
Number of unique chromosomes (out of 100 chromosomes in total): 94
**********************************************************************
New best solution found in generation: 122
Best chromosome in current generation with value: 141, competence: 261.000:
3, 1, 1, 3, 2, 3, 2, 3, 2, 1, 1, 2, 3, 3, 1, 3, 3, 3, 2, 3, 1, 1, 1, 1, 1, 2, 2, 2, 3, 2, 1, 3, 1, 2, 1, 2, 1, 2, 2, 2
competence values:
261, 270, 271, 251, 271, 254, 258, 254, 269, 279, 268, 269, 266, 268, 258, 270, 274, 255, 269, 272, 268, 249, 277, 254, 263, 261, 253, 266, 264, 261, 269, 255, 254, 237, 268, 275, 256, 252, 254, 268, 269, 255, 268, 265, 269, 260, 272, 271, 273, 267, 261, 278, 264, 264, 274, 255, 268, 269, 267, 277, 276, 264, 255, 266, 257, 258, 274, 265, 272, 266, 247, 266, 270, 260, 261, 278, 269, 262, 237, 262, 269, 265, 255, 272, 269, 266, 255, 268, 263, 274, 264, 267, 267, 273, 265, 239, 270, 268, 263, 269
Number of unique chromosomes (out of 100 chromosomes in total): 91
**********************************************************************
Printing generation: 131
Best chromosome in current generation with value: 155, competence: 260.000:
1, 1, 2, 3, 2, 3, 2, 3, 2, 2, 1, 2, 1, 3, 1, 3, 3, 3, 2, 3, 1, 1, 1, 1, 1, 2, 2, 2, 2, 2, 1, 3, 1, 3, 1, 2, 1, 2, 2, 2
competence values:
260, 251, 262, 239, 268, 273, 268, 267, 265, 261, 269, 262, 267, 264, 262, 269, 269, 256, 277, 268, 278, 254, 271, 257, 268, 264, 261, 254, 268, 259, 253, 255, 276, 267, 254, 265, 265, 270, 267, 268, 272, 266, 272, 269, 272, 278, 265, 267, 276, 251, 271, 261, 263, 252, 258, 264, 268, 273, 266, 258, 253, 253, 264, 261, 264, 265, 255, 255, 248, 265, 277, 267, 264, 256, 260, 260, 257, 267, 264, 274, 272, 270, 277, 266, 267, 274, 268, 272, 269, 269, 271, 268, 271, 258, 248, 265, 268, 267, 265, 263
Number of unique chromosomes (out of 100 chromosomes in total): 95
**********************************************************************
Printing generation: 141
Best chromosome in current generation with value: 150, competence: 251.000:
3, 1, 1, 3, 2, 3, 2, 3, 2, 1, 1, 2, 3, 1, 1, 3, 3, 3, 2, 3, 1, 1, 1, 1, 1, 2, 3, 2, 2, 2, 3, 3, 1, 2, 2, 2, 1, 2, 2, 2
competence values:
251, 263, 268, 268, 267, 269, 265, 270, 270, 270, 269, 268, 263, 276, 259, 274, 278, 265, 257, 255, 267, 270, 274, 253, 275, 266, 257, 265, 277, 255, 270, 268, 274, 267, 263, 257, 272, 255, 260, 267, 266, 278, 272, 274, 263, 270, 266, 266, 266, 266, 267, 275, 268, 272, 263, 267, 271, 254, 249, 263, 253, 277, 266, 267, 251, 269, 270, 269, 258, 278, 255, 269, 269, 267, 251, 265, 245, 252, 268, 253, 253, 266, 263, 265, 271, 263, 274, 266, 269, 258, 267, 268, 273, 264, 253, 267, 268, 275, 274, 270
Number of unique chromosomes (out of 100 chromosomes in total): 92
**********************************************************************
Printing generation: 151
Best chromosome in current generation with value: 153, competence: 271.000:
1, 3, 2, 3, 2, 3, 2, 3, 2, 1, 1, 2, 3, 1, 1, 3, 3, 3, 2, 3, 1, 1, 1, 1, 1, 3, 2, 2, 1, 2, 1, 3, 1, 3, 1, 2, 1, 2, 2, 2
competence values:
271, 241, 263, 258, 262, 268, 264, 259, 271, 252, 268, 257, 274, 267, 257, 270, 270, 255, 270, 268, 268, 267, 265, 276, 267, 259, 273, 269, 272, 271, 264, 251, 267, 264, 267, 271, 266, 267, 271, 267, 267, 262, 273, 255, 271, 255, 264, 267, 273, 266, 270, 274, 266, 267, 270, 258, 267, 268, 251, 264, 270, 273, 267, 267, 268, 269, 262, 276, 271, 257, 277, 275, 270, 254, 269, 264, 249, 269, 263, 277, 267, 264, 275, 272, 276, 264, 274, 274, 260, 262, 270, 254, 273, 267, 267, 267, 266, 269, 256, 255
Number of unique chromosomes (out of 100 chromosomes in total): 90
**********************************************************************
Printing generation: 161
Best chromosome in current generation with value: 150, competence: 268.000:
3, 1, 1, 1, 2, 3, 2, 3, 2, 1, 1, 2, 3, 3, 1, 3, 3, 3, 2, 3, 1, 1, 1, 1, 1, 2, 2, 2, 2, 2, 1, 3, 1, 2, 1, 2, 1, 2, 2, 2
competence values:
268, 270, 250, 259, 265, 257, 269, 261, 278, 272, 262, 268, 273, 267, 265, 276, 261, 248, 269, 267, 265, 271, 269, 275, 266, 276, 265, 276, 260, 265, 258, 269, 271, 246, 252, 276, 270, 259, 269, 267, 272, 259, 268, 275, 267, 257, 272, 252, 275, 266, 269, 271, 272, 270, 253, 271, 253, 276, 267, 275, 265, 270, 269, 257, 260, 261, 252, 268, 267, 271, 263, 269, 267, 272, 266, 272, 255, 271, 260, 275, 252, 269, 273, 255, 264, 271, 270, 250, 270, 254, 249, 259, 260, 258, 269, 253, 272, 275, 262, 243
Number of unique chromosomes (out of 100 chromosomes in total): 76
**********************************************************************
Printing generation: 171
Best chromosome in current generation with value: 149, competence: 270.000:
3, 1, 1, 1, 2, 3, 2, 3, 2, 1, 1, 2, 3, 3, 1, 3, 3, 3, 2, 3, 3, 1, 1, 1, 1, 2, 2, 2, 3, 2, 1, 3, 1, 2, 1, 2, 1, 2, 2, 2
competence values:
270, 255, 268, 257, 270, 270, 269, 251, 272, 256, 257, 251, 257, 272, 248, 268, 267, 266, 258, 276, 256, 268, 270, 276, 270, 267, 255, 268, 265, 268, 276, 267, 262, 264, 272, 272, 255, 267, 267, 261, 257, 273, 272, 267, 269, 268, 254, 267, 265, 270, 276, 263, 257, 276, 276, 270, 256, 268, 256, 268, 261, 259, 266, 268, 269, 269, 267, 264, 267, 271, 270, 267, 261, 260, 265, 267, 261, 269, 274, 276, 270, 237, 265, 270, 267, 259, 272, 274, 265, 257, 268, 278, 269, 272, 261, 266, 264, 254, 277, 259
Number of unique chromosomes (out of 100 chromosomes in total): 82
**********************************************************************
Printing generation: 181
Best chromosome in current generation with value: 144, competence: 267.000:
3, 1, 1, 3, 2, 3, 2, 3, 2, 1, 1, 2, 3, 3, 1, 1, 3, 3, 3, 3, 1, 1, 1, 1, 1, 2, 2, 2, 2, 2, 1, 3, 1, 3, 3, 2, 1, 2, 2, 2
competence values:
267, 267, 277, 275, 269, 266, 259, 267, 261, 263, 274, 274, 248, 269, 269, 269, 268, 275, 255, 264, 272, 255, 258, 276, 275, 278, 273, 254, 259, 273, 254, 271, 271, 266, 264, 255, 270, 272, 267, 273, 259, 265, 266, 275, 277, 266, 267, 270, 262, 267, 270, 271, 270, 259, 275, 267, 278, 270, 257, 271, 264, 260, 272, 269, 274, 274, 268, 273, 267, 274, 273, 254, 268, 262, 264, 275, 267, 272, 274, 255, 269, 268, 267, 270, 257, 269, 265, 253, 270, 270, 270, 265, 270, 270, 254, 254, 259, 273, 265, 257
Number of unique chromosomes (out of 100 chromosomes in total): 84
**********************************************************************
New best solution found in generation: 190
Best chromosome in current generation with value: 140, competence: 256.000:
3, 1, 1, 3, 2, 3, 2, 3, 2, 1, 1, 2, 3, 3, 1, 1, 3, 3, 3, 3, 1, 2, 1, 1, 1, 2, 2, 2, 2, 2, 1, 3, 1, 3, 1, 2, 1, 2, 2, 2
competence values:
256, 267, 267, 263, 268, 254, 270, 260, 270, 273, 266, 266, 253, 273, 271, 251, 257, 268, 267, 269, 268, 264, 269, 268, 265, 257, 260, 267, 268, 264, 268, 270, 272, 263, 270, 270, 271, 262, 270, 269, 273, 270, 271, 270, 272, 270, 259, 273, 267, 275, 273, 275, 257, 276, 262, 265, 267, 269, 270, 259, 270, 272, 259, 275, 270, 237, 261, 265, 260, 260, 254, 270, 267, 270, 271, 242, 269, 271, 270, 270, 270, 262, 275, 272, 275, 264, 267, 272, 259, 262, 271, 273, 271, 273, 275, 271, 266, 270, 259, 270
Number of unique chromosomes (out of 100 chromosomes in total): 74
-----------------------------------------
Overall number of generations created: 190
Number of seconds elapsed: 2.239
The final solution:
m1 : J24(2, 1), J35(2, 1), J3(3, 1), J33(6, 1), J16(7, 1), J23(7, 1), J37(7, 1), J2(10, 1), J31(13, 1), J10(14, 1), J11(14, 1), J21(16, 1), J15(18, 1), J25(20, 1) 	 sum: 139, types: 1
m2 : J36(3, 1), J38(3, 1), J12(5, 1), J26(5, 1), J5(6, 1), J22(7, 1), J7(10, 1), J29(11, 1), J28(12, 1), J39(12, 1), J9(13, 1), J30(15, 1), J27(19, 1), J40(19, 1) 	 sum: 140, types: 1
m3 : J1(4, 1), J20(4, 1), J19(5, 1), J4(8, 1), J13(11, 1), J14(12, 1), J34(12, 1), J17(16, 1), J32(16, 1), J6(17, 1), J8(17, 1), J18(18, 1) 	 sum: 140, types: 1

Objective function's value: max{139, 140, 140} = 140
*Lower bound (not necessarily tight): 140

**output format:
	m_k is the k'th machine.
	J_i(P, T, M) is the i'th job with processing time P, of type T, and is assigned to machine M (marked as '?' when unassigned).