8
233,1
292,1
49,1
228,1
152,1
137,1
44,1
255,1
50,1
82,1
118,1
92,1
173,1
238,1
81,1
235,1
103,1
196,1
49,1
119,1
142,1
151,1
189,1
114,1
224,1
103,1
250,1
257,1
59,1
257,1
230,1
239,1
229,1
197,1
51,1
281,1
289,1
162,1
187,1
129,1
215,1
133,1
263,1
258,1
179,1
96,1
171,1
198,1
45,1
186,1
240,1
206,1
241,1
290,1
258,1
97,1
190,1
197,1
53,1
92,1
53,1
203,1
56,1
204,1
214,1
69,1
205,1
136,1
143,1
156,1
156,1
246,1
158,1
61,1
167,1
84,1
84,1
197,1
129,1
109,1
201,1
191,1
253,1
189,1
263,1
68,1
115,1
194,1
43,1
192,1
195,1
199,1
69,1
170,1
283,1
131,1
97,1
244,1
182,1
250,1
178,1
155,1
293,1
67,1
172,1
107,1
45,1
61,1
267,1
41,1
209,1
158,1
80,1
226,1
295,1
144,1
97,1
127,1
46,1
282,1
232,1
256,1
171,1
201,1
218,1
110,1
110,1
157,1
89,1
185,1
189,1
61,1
209,1
129,1
164,1
227,1
235,1
59,1
119,1
109,1
199,1
236,1
191,1
200,1
122,1
163,1
152,1
140,1
107,1
271,1
74,1
164,1
163,1
266,1
201,1
270,1
247,1
111,1
129,1
230,1
102,1
163,1
253,1
81,1
40,1
266,1
90,1
225,1
229,1
259,1
153,1
160,1
230,1
244,1
278,1
235,1
225,1
145,1
84,1
130,1
282,1
84,1
81,1
59,1
133,1
186,1
282,1
144,1
191,1
99,1
46,1
93,1
65,1
222,1
105,1
146,1
73,1
57,1
281,1
277,1
223,1
223,1
84,1
298,1
52,1
297,1
237,1
254,1
137,1
149,1
173,1
230,1
41,1
122,1
166,1
52,1
144,1
246,1
170,1
261,1
209,1
129,1
232,1
129,1
227,1
271,1
202,1
196,1
210,1
292,1
53,1
222,1
250,1
246,1
256,1
182,1
133,1
113,1
145,1
286,1
97,1
147,1
221,1
99,1
248,1
230,1
100,1
158,1
159,1
44,1
192,1
285,1
161,1
103,1
206,1
141,1
289,1
114,1
248,1
267,1
176,1
186,1
271,1
118,1
258,1
220,1
283,1
115,1
151,1
47,1
253,1
153,1
49,1
149,1
84,1
202,1
200,1
55,1
113,1
134,1
72,1
219,1
126,1
134,1
236,1
88,1
114,1
236,1
124,1
166,1
144,1
205,1
146,1
139,1
92,1
285,1
78,1
280,1
72,1
296,1
145,1
257,1
53,1
199,1
135,1
160,1
225,1
214,1
204,1
246,1
86,1
241,1
182,1
172,1
184,1
236,1
82,1
277,1
153,1
110,1
215,1
108,1
160,1
75,1
219,1
295,1
217,1
182,1
106,1
216,1
90,1
234,1
236,1
287,1
50,1
142,1
99,1
164,1
261,1
201,1
256,1
49,1
171,1
102,1
220,1
234,1
196,1
192,1
128,1
247,1
122,1
213,1
71,1
226,1
147,1
298,1
43,1
40,1
124,1
119,1
114,1
164,1
204,1
51,1
188,1
229,1
157,1
127,1
247,1
171,1
71,1
195,1
61,1
85,1
159,1
268,1
126,1
67,1
84,1
69,1
177,1
238,1
184,1
87,1
245,1
148,1
54,1
253,1
114,1
220,1
115,1
71,1
238,1
240,1
201,1
142,1
288,1
231,1
253,1
80,1
71,1
70,1
277,1
252,1
261,1
102,1
135,1
268,1
89,1
112,1
216,1
186,1
285,1
156,1
286,1
265,1
144,1
187,1
111,1
113,1
53,1
146,1
167,1
250,1
188,1
108,1
155,1
198,1
144,1
270,1
173,1
68,1
207,1
208,1
191,1
136,1
98,1
221,1
191,1
183,1
277,1
278,1
82,1
226,1
194,1
252,1
237,1
62,1
161,1
178,1
108,1
251,1
216,1
269,1
53,1
124,1
148,1
191,1
67,1
299,1
191,1
252,1
184,1
183,1
117,1
156,1
51,1
107,1
196,1
108,1
118,1
139,1
110,1
258,1
52,1
111,1
172,1
191,1
170,1
206,1
274,1
83,1
140,1
190,1
77,1
238,1
83,1
76,1
207,1
176,1
155,1
268,1
127,1
111,1
215,1
232,1
118,1
256,1
243,1
295,1
234,1
218,1
240,1
181,1
212,1
144,1
149,1
209,1
40,1
171,1
156,1
40,1
89,1
279,1
192,1
205,1
120,1
190,1
142,1
214,1
199,1
148,1
45,1
100,1
140,1
266,1
47,1
239,1
160,1
176,1
299,1
96,1
41,1
76,1
266,1
205,1
111,1
123,1
43,1
262,1
277,1
73,1
230,1
98,1
137,1
213,1
208,1
64,1
143,1
49,1
94,1
217,1
114,1
128,1
217,1
122,1
205,1
188,1
196,1
197,1
109,1
251,1
290,1
199,1
198,1
250,1
174,1
154,1
80,1
132,1
192,1
92,1
71,1
89,1
250,1
207,1
241,1
103,1
290,1
224,1
50,1
284,1
84,1
203,1
141,1
300,1
50,1
277,1
91,1
190,1
190,1
262,1
284,1
269,1
241,1
217,1
262,1
101,1
286,1
180,1
97,1
283,1
43,1
213,1
247,1
234,1
204,1
271,1
174,1
210,1
292,1
83,1
295,1
121,1
196,1
283,1
45,1
183,1
221,1
217,1
249,1
211,1
293,1
106,1
126,1
206,1
200,1
159,1
58,1
200,1
122,1
184,1
209,1
248,1
159,1
259,1
210,1
290,1
110,1
245,1
174,1
55,1
179,1
102,1
81,1
216,1
296,1
253,1
106,1
191,1
192,1
294,1
165,1
94,1
188,1
273,1
243,1
231,1
278,1
204,1
264,1
282,1
223,1
258,1
48,1
218,1
147,1
227,1
269,1
223,1
284,1
95,1
163,1
186,1
130,1
237,1
144,1
66,1
123,1
76,1
290,1
69,1
227,1
111,1
68,1
116,1
254,1
95,1
146,1
44,1
91,1
288,1
74,1
278,1
66,1
258,1
224,1
204,1
86,1
237,1
86,1
55,1
61,1
125,1
286,1
175,1
122,1
127,1
158,1
156,1
157,1
159,1
108,1
102,1
138,1
136,1
72,1
47,1
287,1
191,1
264,1
134,1
256,1
111,1
222,1
51,1
90,1
265,1
43,1
77,1
251,1
202,1
149,1
102,1
91,1
283,1
169,1
96,1
204,1
107,1
102,1
202,1
206,1
143,1
203,1
207,1
198,1
95,1
146,1
74,1
105,1
264,1
128,1
74,1
156,1
182,1
52,1
106,1
259,1
268,1
76,1
157,1
222,1
92,1
233,1
48,1
260,1
176,1
251,1
154,1
238,1
193,1
249,1
189,1
144,1
55,1
237,1
284,1
142,1
167,1
54,1
290,1
257,1
208,1
120,1
266,1
147,1
129,1
261,1
167,1
276,1
131,1
108,1
109,1
213,1
256,1
85,1
80,1
79,1
152,1
213,1
140,1
49,1
91,1
262,1
255,1
138,1
124,1
300,1
221,1
122,1
224,1
56,1
52,1
265,1
198,1
167,1
217,1
84,1
150,1
110,1
182,1
113,1
225,1
295,1
57,1
275,1
119,1
67,1
50,1
49,1
127,1
251,1
263,1
300,1
208,1
119,1
239,1
92,1
219,1
87,1
208,1
295,1
86,1
79,1
175,1
243,1
102,1
193,1
213,1
116,1
118,1
181,1
58,1
61,1
59,1
102,1
269,1
296,1
289,1
53,1
194,1
97,1
262,1
77,1
286,1
252,1
145,1
164,1
127,1
179,1
216,1
42,1
60,1
188,1
128,1
225,1
208,1
258,1
107,1
256,1
277,1
136,1
58,1
95,1
62,1
204,1
102,1
278,1
188,1
266,1
175,1
145,1
283,1
99,1
230,1
221,1
253,1
151,1
257,1
287,1
156,1
251,1
248,1
247,1
269,1
98,1
230,1
263,1
183,1
146,1
293,1
73,1
209,1
78,1
288,1
269,1
161,1
100,1
267,1
54,1
163,1
84,1
286,1
82,1
96,1
164,1
268,1
45,1
134,1
222,1
239,1
96,1
119,1
296,1
242,1
114,1
130,1
79,1
191,1
111,1
150,1
297,1
57,1
69,1
89,1
191,1
298,1
133,1
120,1
108,1
258,1
45,1
250,1
127,1
294,1
171,1
112,1
226,1
99,1
234,1
63,1
202,1
75,1
220,1
160,1
272,1
238,1
242,1
109,1
119,1
67,1
124,1
151,1
270,1
54,1
202,1
251,1
219,1
249,1
65,1
250,1
195,1
179,1
226,1
99,1
193,1
177,1
129,1
52,1
259,1
156,1
128,1
239,1
91,1
293,1
107,1
255,1
133,1
139,1
66,1
197,1
74,1
66,1
161,1
276,1
90,1
195,1
259,1
108,1
110,1
282,1
137,1
224,1
264,1
231,1
135,1
283,1
49,1
253,1
116,1
248,1
77,1
228,1
58,1
236,1
292,1
236,1
58,1
283,1
83,1
284,1
82,1
259,1
181,1
185,1
171,1
100,1
68,1
161,1
215,1
66,1
222,1
98,1
182,1
177,1
202,1
227,1
185,1
242,1
52,1
63,1
113,1
103,1
140,1
67,1
111,1
217,1
188,1
142,1
163,1
66,1
163,1
105,1
122,1
113,1
98,1
299,1
292,1
233,1
144,1
263,1
231,1
190,1
86,1
155,1
162,1
179,1
101,1
220,1
84,1
286,1
237,1
156,1
280,1
234,1
259,1
269,1
244,1
96,1
149,1
65,1
94,1
168,1
119,1
259,1
70,1
265,1
86,1
217,1
218,1
178,1
105,1
187,1
197,1
99,1
86,1
251,1
67,1
40,1
201,1
160,1
148,1
93,1
278,1
174,1
134,1
47,1
183,1
60,1
275,1
88,1
209,1
247,1
50,1
261,1
299,1
81,1
205,1
287,1
94,1
222,1
146,1
215,1
243,1
163,1
194,1
163,1
151,1
43,1
55,1
183,1
232,1
114,1
135,1
171,1
188,1
219,1
61,1
85,1
170,1
135,1
130,1
89,1
291,1
49,1
58,1
290,1
91,1
151,1
58,1
291,1
80,1
110,1
227,1
180,1
103,1
243,1
164,1
236,1
222,1
62,1
285,1
89,1
247,1
180,1
225,1
272,1
290,1
46,1
190,1
199,1
115,1
69,1
59,1
137,1
100,1
153,1
228,1
98,1
113,1
227,1
154,1
108,1
247,1
235,1
128,1
225,1
70,1
201,1
66,1
283,1
201,1
164,1
200,1
283,1
259,1
101,1
297,1
235,1
144,1
81,1
87,1
197,1
185,1
92,1
77,1
230,1
288,1
247,1
198,1
222,1
160,1
233,1
127,1
63,1
186,1
295,1
269,1
182,1
43,1
236,1
113,1
64,1
225,1
71,1
118,1
144,1
235,1
134,1
178,1
48,1
155,1
79,1
69,1
248,1
242,1
278,1
278,1
90,1
278,1
161,1
76,1
125,1
210,1
227,1
84,1
205,1
63,1
288,1
277,1
205,1
80,1
80,1
100,1
94,1
242,1
180,1
229,1
61,1
186,1
254,1
57,1
48,1
202,1
259,1
175,1
282,1
197,1
61,1
105,1
96,1
249,1
260,1
123,1
137,1
168,1
90,1
148,1
216,1
84,1
97,1
75,1
271,1
78,1
49,1
242,1
56,1
69,1
294,1
202,1
241,1
65,1
297,1
197,1
295,1
297,1
54,1
119,1
180,1
91,1
196,1
233,1
86,1
183,1
61,1
244,1
164,1
177,1
249,1
90,1
226,1
192,1
265,1
167,1
267,1
124,1
230,1
51,1
189,1
269,1
179,1
162,1
189,1
121,1
164,1
116,1
132,1
299,1
263,1
256,1
78,1
195,1
178,1
264,1
231,1
230,1
270,1
93,1
298,1
203,1
155,1
245,1
169,1
172,1
191,1
139,1
194,1
74,1
205,1
145,1
207,1
219,1
243,1
261,1
171,1
162,1
119,1
300,1
227,1
259,1
204,1
134,1
241,1
90,1
199,1
113,1
155,1
81,1
160,1
44,1
237,1
191,1
277,1
196,1
174,1
107,1
126,1
47,1
244,1
237,1
54,1
238,1
91,1
112,1
56,1
221,1
43,1
231,1
129,1
294,1
160,1
199,1
177,1
87,1
216,1
169,1
134,1
141,1
110,1
62,1
71,1
57,1
173,1
251,1
98,1
210,1
200,1
293,1
255,1
117,1
263,1
129,1
262,1
275,1
124,1
255,1
87,1
115,1
111,1
230,1
273,1
203,1
136,1
160,1
146,1
291,1
247,1
252,1
230,1
164,1
72,1
118,1
282,1
214,1
217,1
178,1
99,1
235,1
126,1
295,1
146,1
66,1
88,1
92,1
98,1
114,1
270,1
53,1
183,1
236,1
54,1
133,1
203,1
152,1
161,1
166,1
252,1
197,1
289,1
172,1
195,1
108,1
249,1
140,1
255,1
61,1
106,1
113,1
43,1
106,1
217,1
190,1
252,1
215,1
113,1
116,1
79,1
234,1
50,1
182,1
280,1
135,1
67,1
246,1
74,1
47,1
62,1
196,1
173,1
249,1
83,1
168,1
94,1
267,1
202,1
40,1
87,1
287,1
183,1
258,1
48,1
55,1
188,1
273,1
214,1
286,1
202,1
153,1
234,1
187,1
164,1
54,1
249,1
291,1
56,1
41,1
172,1
217,1
231,1
268,1
261,1
215,1
290,1
78,1
289,1
78,1
265,1
174,1
40,1
184,1
129,1
47,1
224,1
157,1
178,1
44,1
295,1
61,1
136,1
199,1
284,1
136,1
131,1
246,1
143,1
146,1
236,1
229,1
266,1
123,1
180,1
218,1
272,1
249,1
79,1
118,1
281,1
200,1
136,1
201,1
164,1
130,1
198,1
144,1
285,1
216,1
87,1
144,1
218,1
285,1
166,1
269,1
290,1
226,1
100,1
102,1
59,1
228,1
276,1
164,1
180,1
273,1
216,1
127,1
190,1
69,1
209,1
205,1
195,1
144,1
274,1
169,1
164,1
101,1
267,1
202,1
165,1
264,1
91,1
218,1
168,1
67,1
178,1
274,1
292,1
158,1
259,1
148,1
121,1
285,1
160,1
218,1
171,1
61,1
175,1
245,1
73,1
116,1
182,1
139,1
193,1
148,1
147,1
139,1
253,1
289,1
202,1
268,1
56,1
66,1
292,1
86,1
221,1
239,1
107,1
124,1
171,1
119,1
207,1
176,1
294,1
196,1
184,1
41,1
264,1
299,1
243,1
159,1
151,1
65,1
209,1
158,1
245,1
52,1
60,1
295,1
182,1
179,1
205,1
251,1
228,1
184,1
166,1
87,1
247,1
289,1
79,1
97,1
144,1
272,1
235,1
124,1
128,1
196,1
282,1
96,1
45,1
285,1
111,1
219,1
169,1
226,1
262,1
253,1
246,1
291,1
218,1
153,1
69,1
279,1
261,1
143,1
52,1
108,1
299,1
232,1
189,1
159,1
161,1
276,1
127,1
63,1
138,1
273,1
266,1
216,1
236,1
105,1
212,1
205,1
73,1
283,1
165,1
281,1
82,1
226,1
123,1
268,1
201,1
99,1
65,1
236,1
222,1
154,1
157,1
290,1
219,1
81,1
80,1
63,1
128,1
213,1
154,1
67,1
260,1
250,1
151,1
207,1
272,1
293,1
90,1
300,1
73,1
238,1
281,1
178,1
248,1
184,1
288,1
199,1
215,1
262,1
55,1
189,1
255,1
130,1
101,1
237,1
107,1
204,1
103,1
189,1
96,1
219,1
109,1
222,1
258,1
59,1
165,1
227,1
188,1
154,1
110,1
143,1
200,1
244,1
229,1
294,1
202,1
162,1
96,1
53,1
227,1
107,1
219,1
223,1
177,1
46,1
224,1
113,1
251,1
258,1
88,1
236,1
156,1
41,1
196,1
120,1
40,1
221,1
206,1
276,1
109,1
80,1
43,1
221,1
59,1
175,1
222,1
88,1
247,1
279,1
290,1
122,1
137,1
281,1
205,1
238,1
286,1
275,1
58,1
52,1
296,1
243,1
84,1
218,1
287,1
65,1
117,1
138,1
90,1
60,1
110,1
247,1
124,1
118,1
102,1
160,1
229,1
133,1
136,1
228,1
280,1
213,1
82,1
283,1
57,1
105,1
62,1
247,1
204,1
127,1
274,1
187,1
124,1
110,1
63,1
46,1
196,1
275,1
66,1
173,1
126,1
264,1
163,1
136,1
57,1
236,1
153,1
138,1
43,1
58,1
186,1
243,1
65,1
115,1
88,1
243,1
177,1
293,1
72,1
271,1
201,1
121,1
208,1
165,1
198,1
245,1
204,1
165,1
109,1
68,1
73,1
79,1
292,1
272,1
86,1
243,1
121,1
153,1
210,1
108,1
81,1
252,1
184,1
139,1
211,1
241,1
202,1
41,1
252,1
87,1
293,1
288,1
277,1
295,1
182,1
168,1
66,1
192,1
165,1
75,1
273,1
275,1
84,1
157,1
163,1
261,1
125,1
143,1
82,1
237,1
62,1
67,1
101,1
253,1
280,1
231,1
175,1
196,1
161,1
79,1
190,1
194,1
240,1
102,1
60,1
84,1
152,1
96,1
176,1
107,1
191,1
211,1
249,1
219,1
180,1
271,1
119,1
155,1
104,1
230,1
209,1
79,1
138,1
156,1
215,1
124,1
124,1
206,1
57,1
143,1
47,1
47,1
192,1
270,1
66,1
46,1
193,1
44,1
87,1
163,1
276,1
212,1
251,1
292,1
54,1
248,1
187,1
214,1
214,1
56,1
209,1
114,1
223,1
78,1
234,1
247,1
94,1
226,1
284,1
223,1
168,1
133,1
64,1
277,1
157,1
106,1
245,1
44,1
47,1
300,1
286,1
92,1
231,1
62,1
273,1
71,1
98,1
41,1
58,1
300,1
162,1
199,1
228,1
78,1
162,1
120,1
169,1
207,1
70,1
236,1
228,1
80,1
40,1
249,1
78,1
88,1
92,1
223,1
219,1
254,1
176,1
118,1
244,1
121,1
109,1
245,1
219,1
75,1
200,1
72,1
90,1
97,1
53,1
187,1
290,1
96,1
243,1
155,1
138,1
171,1
263,1
280,1
226,1
119,1
80,1
126,1
215,1
248,1
128,1
132,1
173,1
285,1
273,1
116,1
233,1
196,1
106,1
231,1
72,1
181,1
84,1
179,1
259,1
244,1
100,1
63,1
252,1
141,1
254,1
222,1
74,1
205,1
99,1
229,1
251,1
74,1
270,1
158,1
245,1
229,1
277,1
216,1
43,1
72,1
273,1
248,1
224,1
245,1
155,1
160,1
53,1
53,1
205,1
47,1
226,1
254,1
249,1
55,1
276,1
238,1
257,1
283,1
45,1
153,1
297,1
56,1
142,1
263,1
253,1
144,1
283,1
88,1
120,1
82,1
124,1
173,1
158,1
138,1
56,1
268,1
79,1
67,1
132,1
165,1
295,1
292,1
96,1
50,1
260,1
143,1
72,1
193,1
138,1
291,1
98,1
194,1
139,1
151,1
127,1
274,1
48,1
291,1
237,1
169,1
251,1
246,1
198,1
76,1
141,1
287,1
171,1
277,1
259,1
82,1
163,1
198,1
156,1
189,1
210,1
126,1
243,1
264,1
68,1
85,1
281,1
118,1
266,1
76,1
173,1
182,1
97,1
190,1
92,1
120,1
292,1
74,1
295,1
277,1
50,1
181,1
64,1
275,1
292,1
140,1
95,1
188,1
285,1
169,1
283,1
299,1
190,1
221,1
248,1
43,1
43,1
113,1
248,1
93,1
89,1
104,1
272,1
189,1
181,1
169,1
224,1
243,1
187,1
218,1
164,1
141,1
115,1
244,1
103,1
150,1
207,1
48,1
65,1
85,1
118,1
80,1
127,1
240,1
114,1
124,1
292,1
89,1
256,1
187,1
120,1
102,1
255,1
183,1
50,1
218,1
229,1
212,1
300,1
92,1
156,1
100,1
77,1
92,1
114,1
265,1
57,1
284,1
86,1
283,1
230,1
61,1
248,1
283,1
168,1
252,1
241,1
154,1
229,1
141,1
98,1
172,1
83,1
75,1
148,1
189,1
253,1
53,1
197,1
95,1
198,1
258,1
61,1
293,1
99,1
56,1
250,1
210,1
46,1
115,1
50,1
73,1
120,1
169,1
184,1
199,1
235,1
272,1
256,1
60,1
219,1
240,1
180,1
296,1
112,1
85,1
267,1
273,1
109,1
261,1
214,1
188,1
198,1
268,1
252,1
138,1
248,1
46,1
200,1
198,1
254,1
188,1
215,1
161,1
95,1
173,1
101,1
190,1
161,1
177,1
42,1
57,1
276,1
188,1
170,1
238,1
218,1
239,1
286,1
91,1
174,1
285,1
108,1
166,1
282,1
180,1
47,1
121,1
177,1
207,1
219,1
300,1
86,1
237,1
270,1
83,1
145,1
155,1
60,1
44,1
258,1
86,1
230,1
147,1
116,1
99,1
282,1
279,1
177,1
90,1
71,1
298,1
266,1
168,1
290,1
226,1
173,1
129,1
230,1
237,1
209,1
284,1
292,1
41,1
262,1
44,1
47,1
76,1
264,1
203,1
46,1
72,1
144,1
99,1
191,1
112,1
138,1
169,1
190,1
49,1
294,1
68,1
114,1
92,1
226,1
157,1
43,1
276,1
188,1
173,1
182,1
206,1
278,1
52,1
92,1
187,1
247,1
294,1
233,1
180,1
49,1
269,1
266,1
98,1
121,1
203,1
152,1
192,1
203,1
64,1
180,1
224,1
276,1
113,1
239,1
82,1
276,1
171,1
79,1
139,1
284,1
165,1
119,1
167,1
71,1
174,1
66,1
258,1
165,1
289,1
99,1
61,1
293,1
42,1
93,1
199,1
243,1
203,1
236,1
82,1
276,1
194,1
226,1
255,1
213,1
181,1
73,1
241,1
229,1
277,1
237,1
169,1
168,1
250,1
161,1
174,1
218,1
132,1
168,1
46,1
90,1
154,1
97,1
260,1
42,1
289,1
283,1
88,1
51,1
183,1
220,1
296,1
266,1
249,1
250,1
122,1
217,1
213,1
147,1
208,1
267,1
55,1
247,1
187,1
208,1
132,1
123,1
129,1
155,1
253,1
157,1
46,1
94,1
191,1
220,1
295,1
118,1
149,1
201,1
147,1
289,1
88,1
196,1
249,1
86,1
54,1
91,1
144,1
104,1
205,1
71,1
142,1
295,1
282,1
167,1
167,1
88,1
152,1
96,1
186,1
164,1
200,1
42,1
214,1
73,1
64,1
76,1
143,1
188,1
63,1
158,1
154,1
264,1
42,1
137,1
168,1
219,1
256,1
153,1
145,1
200,1
93,1
288,1
273,1
253,1
135,1
244,1
112,1
169,1
180,1
190,1
58,1
210,1
287,1
66,1
85,1
132,1
56,1
269,1
197,1
147,1
73,1
59,1
170,1
79,1
72,1
253,1
74,1
113,1
253,1
83,1
137,1
42,1
110,1
188,1
190,1
176,1
44,1
149,1
123,1
291,1
241,1
291,1
213,1
99,1
192,1
217,1
190,1
151,1
163,1
261,1
293,1
137,1
287,1
236,1
153,1
58,1
70,1
289,1
196,1
181,1
261,1
57,1
286,1
279,1
126,1
44,1
136,1
78,1
106,1
61,1
91,1
80,1
214,1
77,1
256,1
236,1
140,1
131,1
109,1
175,1
124,1
215,1
278,1
268,1
176,1
171,1
291,1
63,1
276,1
225,1
259,1
209,1
91,1
202,1
252,1
183,1
142,1
222,1
159,1
271,1
294,1
225,1
95,1
73,1
75,1
141,1
212,1
85,1
263,1
63,1
218,1
223,1
101,1
260,1
256,1
86,1
50,1
45,1
69,1
221,1
155,1
123,1
96,1
269,1
156,1
144,1
121,1
251,1
86,1
51,1
108,1
162,1
255,1
214,1
264,1
54,1
142,1
242,1
93,1
53,1
73,1
131,1
266,1
139,1
268,1
275,1
61,1
135,1
160,1
63,1
195,1
300,1
100,1
117,1
286,1
238,1
91,1
238,1
180,1
73,1
201,1
72,1
116,1
158,1
176,1
152,1
91,1
93,1
132,1
92,1
59,1
288,1
214,1
189,1
180,1
56,1
205,1
297,1
208,1
149,1
152,1
97,1
41,1
291,1
291,1
92,1
218,1
159,1
207,1
204,1
81,1
86,1
61,1
187,1
148,1
127,1
104,1
240,1
140,1
197,1
160,1
275,1
243,1
222,1
250,1
75,1
180,1
219,1
230,1
72,1
229,1
142,1
59,1
238,1
176,1
235,1
232,1
157,1
97,1
55,1
228,1
94,1
268,1
86,1
195,1
92,1
264,1
83,1
146,1
60,1
272,1
75,1
78,1
238,1
78,1
53,1
105,1
121,1
103,1
291,1
150,1
143,1
253,1
290,1
169,1
248,1
180,1
113,1
70,1
176,1
146,1
240,1
104,1
40,1
212,1
74,1
232,1
280,1
228,1
215,1
263,1
158,1
96,1
197,1
141,1
256,1
68,1
300,1
94,1
250,1
221,1
283,1
231,1
82,1
299,1
236,1
89,1
197,1
261,1
299,1
93,1
139,1
89,1
54,1
196,1
81,1
43,1
105,1
61,1
128,1
130,1
273,1
131,1
87,1
67,1
268,1
208,1
106,1
183,1
202,1
163,1
245,1
129,1
113,1
122,1
292,1
148,1
244,1
265,1
53,1
114,1
179,1
95,1
187,1
300,1
239,1
213,1
102,1
141,1
80,1
99,1
292,1
113,1
229,1
271,1
145,1
254,1
207,1
137,1
293,1
241,1
250,1
146,1
80,1
69,1
173,1
230,1
44,1
233,1
211,1
208,1
113,1
87,1
250,1
78,1
116,1
186,1
206,1
216,1
159,1
158,1
226,1
186,1
230,1
133,1
59,1
251,1
269,1
116,1
154,1
284,1
260,1
133,1
86,1
111,1
159,1
101,1
73,1
235,1
59,1
106,1
145,1
40,1
285,1
179,1
42,1
125,1
211,1
228,1
168,1
143,1
177,1
44,1
152,1
165,1
211,1
285,1
233,1
233,1
59,1
165,1
56,1
259,1
286,1
157,1
294,1
212,1
175,1
99,1
192,1
80,1
189,1
62,1
188,1
182,1
106,1
155,1
282,1
49,1
85,1
261,1
153,1
157,1
215,1
195,1
196,1
211,1
226,1
237,1
137,1
134,1
64,1
129,1
184,1
57,1
105,1
283,1
73,1
192,1
251,1
249,1
219,1
146,1
156,1
255,1
81,1
218,1
67,1
74,1
208,1
289,1
297,1
251,1
218,1
153,1
47,1
86,1
81,1
294,1
146,1
50,1
247,1
85,1
190,1
241,1
199,1
278,1
152,1
182,1
125,1
178,1
70,1
225,1
49,1
90,1
124,1
264,1
54,1
219,1
161,1
252,1
96,1
184,1
125,1
125,1
161,1
236,1
134,1
291,1
251,1
74,1
124,1
215,1
262,1
280,1
211,1
274,1
112,1
211,1
65,1
147,1
89,1
223,1
263,1
61,1
65,1
198,1
190,1
67,1
225,1
183,1
263,1
113,1
279,1
106,1
91,1
293,1
270,1
178,1
88,1
294,1
81,1
101,1
178,1
279,1
58,1
180,1
154,1
100,1
57,1
148,1
202,1
292,1
259,1
242,1
186,1
188,1
290,1
171,1
273,1
141,1
178,1
126,1
110,1
216,1
201,1
47,1
241,1
298,1
277,1
246,1
197,1
133,1
76,1
46,1
247,1
218,1
210,1
43,1
116,1
190,1
167,1
95,1
152,1
300,1
177,1
285,1
162,1
101,1
47,1
160,1
113,1
261,1
65,1
289,1
90,1
267,1
180,1
294,1
294,1
65,1
207,1
110,1
300,1
198,1
239,1
210,1
225,1
81,1
253,1
284,1
53,1
101,1
68,1
237,1
136,1
196,1
208,1
221,1
275,1
287,1
182,1
124,1
160,1
170,1
191,1
188,1
289,1
225,1
211,1
286,1
120,1
70,1
58,1
249,1
95,1
282,1
246,1
185,1
162,1
166,1
92,1
184,1
159,1
57,1
158,1
59,1
83,1
280,1
73,1
221,1
226,1
199,1
112,1
256,1
57,1
62,1
50,1
220,1
163,1
222,1
227,1
223,1
177,1
275,1
128,1
64,1
72,1
252,1
146,1
299,1
117,1
183,1
111,1
82,1
124,1
129,1
192,1
263,1
294,1
237,1
139,1
42,1
80,1
225,1
50,1
67,1
169,1
207,1
207,1
47,1
177,1
209,1
172,1
194,1
261,1
280,1
88,1
269,1
294,1
276,1
94,1
231,1
93,1
44,1
134,1
58,1
266,1
61,1
253,1
106,1
121,1
126,1
279,1
249,1
123,1
109,1
193,1
164,1
94,1
193,1
44,1
194,1
85,1
258,1
173,1
216,1
179,1
127,1
117,1
95,1
142,1
185,1
208,1
299,1
167,1
270,1
48,1
255,1
214,1
270,1
152,1
106,1
275,1
189,1
80,1
95,1
241,1
40,1
145,1
237,1
168,1
91,1
85,1
229,1
180,1
242,1
283,1
133,1
272,1
126,1
214,1
200,1
103,1
217,1
265,1
62,1
291,1
151,1
136,1
90,1
89,1
286,1
65,1
247,1
102,1
239,1
220,1
82,1
93,1
299,1
266,1
178,1
246,1
104,1
61,1
54,1
291,1
195,1
82,1
236,1
214,1
193,1
265,1
131,1
159,1
189,1
96,1
297,1
279,1
294,1
196,1
225,1
93,1
113,1
67,1
261,1
164,1
281,1
209,1
223,1
125,1
244,1
173,1
204,1
298,1
214,1
159,1
137,1
272,1
250,1
211,1
75,1
56,1
52,1
91,1
168,1
122,1
195,1
92,1
170,1
224,1
282,1
88,1
290,1
286,1
44,1
122,1
222,1
68,1
187,1
154,1
173,1
263,1
239,1
170,1
249,1
194,1
223,1
139,1
235,1
110,1
270,1
294,1
128,1
240,1
223,1
185,1
138,1
103,1
229,1
256,1
64,1
89,1
148,1
287,1
48,1
106,1
186,1
232,1
92,1
264,1
202,1
226,1
300,1
293,1
108,1
92,1
269,1
83,1
266,1
143,1
100,1
293,1
190,1
191,1
196,1
111,1
274,1
161,1
213,1
297,1
273,1
265,1
175,1
261,1
52,1
273,1
275,1
176,1
258,1
173,1
47,1
268,1
264,1
259,1
122,1
287,1
75,1
127,1
268,1
90,1
130,1
245,1
273,1
175,1
206,1
54,1
216,1
228,1
246,1
60,1
291,1
76,1
136,1
91,1
192,1
269,1
276,1
272,1
191,1
193,1
106,1
232,1
165,1
203,1
83,1
115,1
94,1
51,1
130,1
94,1
94,1
176,1
256,1
110,1
167,1
49,1
94,1
105,1
43,1
113,1
177,1
241,1
252,1
67,1
250,1
213,1
137,1
153,1
43,1
126,1
210,1
234,1
176,1
235,1
272,1
63,1
203,1
148,1
174,1
200,1
208,1
54,1
254,1
222,1
185,1
172,1
239,1
140,1
239,1
162,1
217,1
296,1
123,1
214,1
184,1
159,1
147,1
141,1
105,1
123,1
169,1
245,1
231,1
154,1
113,1
298,1
183,1
170,1
193,1
65,1
142,1
261,1
210,1
222,1
219,1
212,1
165,1
77,1
94,1
202,1
86,1
277,1
40,1
231,1
256,1
269,1
198,1
57,1
150,1
262,1
290,1
119,1
295,1
55,1
274,1
100,1
145,1
258,1
185,1
233,1
45,1
151,1
114,1
282,1
189,1
285,1
199,1
163,1
132,1
114,1
222,1
89,1
283,1
54,1
240,1
280,1
80,1
229,1
120,1
166,1
291,1
240,1
238,1
243,1
62,1
261,1
166,1
51,1
80,1
203,1
215,1
107,1
290,1
185,1
115,1
229,1
122,1
156,1
76,1
219,1
256,1
95,1
145,1
64,1
168,1
242,1
95,1
294,1
196,1
73,1
90,1
202,1
227,1
271,1
192,1
289,1
91,1
103,1
187,1
127,1
129,1
202,1
154,1
167,1
220,1
93,1
169,1
221,1
155,1
186,1
43,1
243,1
257,1
229,1
247,1
276,1
99,1
113,1
120,1
213,1
86,1
259,1
268,1
52,1
173,1
252,1
238,1
103,1
212,1
70,1
221,1
227,1
215,1
250,1
277,1
189,1
100,1
147,1
213,1
44,1
253,1
292,1
78,1
264,1
169,1
167,1
54,1
65,1
41,1
186,1
157,1
217,1
156,1
60,1
217,1
294,1
239,1
117,1
49,1
155,1
80,1
114,1
73,1
90,1
238,1
175,1
286,1
145,1
76,1
215,1
233,1
121,1
240,1
166,1
292,1
106,1
277,1
243,1
95,1
289,1
208,1
300,1
85,1
50,1
299,1
174,1
163,1
114,1
153,1
120,1
212,1
138,1
260,1
94,1
99,1
277,1
61,1
153,1
229,1
75,1
167,1
298,1
117,1
199,1
172,1
223,1
41,1
182,1
290,1
155,1
259,1
54,1
180,1
209,1
67,1
186,1
251,1
59,1
72,1
78,1
239,1
106,1
121,1
90,1
125,1
65,1
148,1
174,1
252,1
264,1
199,1
112,1
148,1
55,1
69,1
63,1
192,1
142,1
240,1
124,1
146,1
217,1
150,1
271,1
91,1
284,1
176,1
74,1
240,1
198,1
103,1
223,1
163,1
151,1
212,1
63,1
192,1
85,1
97,1
65,1
147,1
116,1
280,1
184,1
266,1
71,1
126,1
67,1
295,1
272,1
199,1
267,1
166,1
236,1
243,1
49,1
248,1
262,1
209,1
176,1
175,1
47,1
298,1
200,1
145,1
145,1
144,1
142,1
98,1
260,1
256,1
54,1
145,1
293,1
132,1
142,1
210,1
276,1
54,1
43,1
289,1
175,1
138,1
283,1
170,1
266,1
294,1
180,1
284,1
68,1
93,1
136,1
122,1
280,1
108,1
143,1
95,1
61,1
54,1
42,1
277,1
72,1
202,1
227,1
233,1
91,1
106,1
279,1
241,1
162,1
138,1
239,1
163,1
110,1
65,1
55,1
249,1
233,1
148,1
192,1
215,1
201,1
44,1
152,1
120,1
211,1
243,1
41,1
159,1
51,1
66,1
265,1
64,1
40,1
300,1
277,1
276,1
118,1
156,1
87,1
157,1
171,1
103,1
219,1
186,1
170,1
160,1
74,1
92,1
175,1
174,1
149,1
109,1
218,1
45,1
121,1
151,1
244,1
147,1
258,1
188,1
122,1
91,1
209,1
274,1
62,1
225,1
194,1
48,1
187,1
233,1
128,1
225,1
93,1
146,1
167,1
59,1
161,1
227,1
84,1
75,1
187,1
287,1
190,1
200,1
238,1
243,1
173,1
87,1
232,1
244,1
264,1
285,1
172,1
148,1
272,1
197,1
51,1
104,1
228,1
71,1
288,1
204,1
101,1
284,1
88,1
178,1
222,1
158,1
228,1
92,1
46,1
236,1
284,1
130,1
215,1
149,1
138,1
269,1
263,1
183,1
86,1
69,1
155,1
259,1
179,1
114,1
63,1
80,1
108,1
243,1
43,1
66,1
123,1
276,1
42,1
127,1
139,1
51,1
128,1
193,1
117,1
244,1
254,1
172,1
271,1
118,1
178,1
84,1
227,1
94,1
132,1
83,1
147,1
153,1
52,1
233,1
121,1
194,1
58,1
164,1
97,1
134,1
139,1
148,1
134,1
111,1
56,1
97,1
83,1
244,1
244,1
65,1
134,1
76,1
197,1
253,1
67,1
98,1
84,1
175,1
215,1
219,1
83,1
200,1
205,1
242,1
288,1
122,1
235,1
163,1
157,1
46,1
108,1
169,1
90,1
172,1
174,1
222,1
219,1
108,1
192,1
78,1
148,1
210,1
279,1
120,1
131,1
142,1
152,1
95,1
229,1
106,1
61,1
87,1
41,1
139,1
280,1
239,1
43,1
124,1
114,1
44,1
162,1
257,1
129,1
62,1
298,1
250,1
280,1
143,1
146,1
179,1
79,1
265,1
147,1
247,1
205,1
157,1
92,1
147,1
231,1
83,1
270,1
138,1
231,1
180,1
254,1
232,1
267,1
228,1
112,1
270,1
250,1
286,1
235,1
98,1
243,1
140,1
251,1
283,1
149,1
289,1
44,1
167,1
173,1
110,1
55,1
171,1
253,1
141,1
288,1
107,1
201,1
188,1
258,1
50,1
271,1
238,1
63,1
106,1
135,1
194,1
67,1
191,1
88,1
103,1
191,1
272,1
181,1
226,1
227,1
92,1
102,1
92,1
285,1
115,1
45,1
114,1
187,1
105,1
80,1
45,1
214,1
84,1
292,1
121,1
83,1
296,1
104,1
115,1
167,1
137,1
241,1
228,1
242,1
110,1
196,1
87,1
260,1
81,1
186,1
121,1
187,1
240,1
178,1
129,1
206,1
272,1
150,1
119,1
142,1
59,1
123,1
281,1
94,1
121,1
84,1
187,1
234,1
206,1
248,1
77,1
49,1
196,1
227,1
52,1
140,1
154,1
73,1
177,1
222,1
46,1
209,1
287,1
139,1
66,1
203,1
149,1
201,1
266,1
94,1
70,1
100,1
281,1
101,1
201,1
44,1
217,1
157,1
285,1
59,1
204,1
122,1
181,1
136,1
200,1
267,1
285,1
232,1
188,1
230,1
158,1
195,1
142,1
73,1
259,1
221,1
98,1
172,1
237,1
224,1
104,1
215,1
101,1
57,1
240,1
110,1
51,1
277,1
251,1
256,1
187,1
142,1
235,1
299,1
214,1
43,1
83,1
76,1
251,1
138,1
48,1
195,1
228,1
204,1
275,1
100,1
239,1
100,1
131,1
175,1
270,1
274,1
299,1
182,1
274,1
293,1
113,1
282,1
104,1
221,1
267,1
146,1
258,1
190,1
136,1
253,1
40,1
289,1
44,1
297,1
263,1
293,1
233,1
131,1
56,1
125,1
172,1
254,1
160,1
193,1
207,1
274,1
136,1
123,1
185,1
230,1
108,1
187,1
61,1
114,1
81,1
113,1
250,1
114,1
84,1
90,1
213,1
227,1
158,1
255,1
69,1
247,1
195,1
109,1
148,1
159,1
219,1
163,1
84,1
177,1
183,1
288,1
78,1
124,1
53,1
77,1
140,1
231,1
148,1
291,1
74,1
249,1
105,1
283,1
233,1
80,1
184,1
203,1
243,1
156,1
157,1
200,1
238,1
51,1
108,1
170,1
104,1
259,1
72,1
49,1
282,1
105,1
68,1
219,1
43,1
180,1
41,1
97,1
205,1
139,1
94,1
190,1
146,1
248,1
132,1
60,1
156,1
206,1
114,1
206,1
154,1
149,1
274,1
297,1
168,1
171,1
230,1
289,1
173,1
110,1
179,1
43,1
257,1
70,1
245,1
105,1
157,1
50,1
276,1
85,1
111,1
223,1
282,1
72,1
169,1
145,1
275,1
285,1
156,1
263,1
191,1
131,1
111,1
67,1
174,1
220,1
169,1
192,1
266,1
98,1
137,1
202,1
64,1
225,1
286,1
42,1
42,1
56,1
221,1
206,1
123,1
179,1
234,1
160,1
219,1
57,1
276,1
108,1
73,1
60,1
52,1
260,1
64,1
270,1
133,1
223,1
243,1
252,1
190,1
130,1
210,1
192,1
179,1
237,1
211,1
117,1
247,1
194,1
252,1
133,1
166,1
256,1
245,1
206,1
169,1
154,1
290,1
234,1
40,1
156,1
180,1
109,1
233,1
154,1
102,1
160,1
170,1
89,1
272,1
166,1
236,1
168,1
189,1
56,1
222,1
190,1
160,1
161,1
133,1
96,1
156,1
68,1
293,1
103,1
234,1
268,1
93,1
62,1
130,1
153,1
226,1
273,1
184,1
114,1
124,1
212,1
250,1
300,1
241,1
103,1
150,1
293,1
261,1
278,1
168,1
287,1
147,1
298,1
145,1
128,1
115,1
295,1
297,1
196,1
80,1
239,1
293,1
85,1
46,1
295,1
66,1
164,1
206,1
201,1
215,1
293,1
206,1
156,1
224,1
62,1
236,1
76,1
266,1
59,1
155,1
220,1
262,1
272,1
209,1
126,1
220,1
296,1
83,1
164,1
285,1
212,1
181,1
62,1
44,1
262,1
271,1
180,1
284,1
271,1
184,1
165,1
214,1
241,1
41,1
83,1
212,1
291,1
229,1
201,1
140,1
84,1
159,1
69,1
84,1
133,1
50,1
210,1
142,1
87,1
75,1
156,1
284,1
194,1
165,1
233,1
201,1
133,1
228,1
98,1
143,1
172,1
187,1
299,1
74,1
117,1
245,1
44,1
233,1
128,1
50,1
197,1
139,1
196,1
203,1
286,1
254,1
91,1
154,1
168,1
186,1
234,1
131,1
160,1
228,1
217,1
145,1
230,1
50,1
225,1
208,1
188,1
139,1
268,1
72,1
209,1
215,1
295,1
77,1
126,1
184,1
116,1
277,1
276,1
293,1
131,1
112,1
52,1
43,1
153,1
226,1
67,1
245,1
86,1
150,1
238,1
84,1
66,1
256,1
233,1
219,1
290,1
153,1
261,1
61,1
201,1
262,1
43,1
141,1
148,1
52,1
134,1
212,1
51,1
126,1
271,1
70,1
52,1
153,1
145,1
169,1
221,1
133,1
80,1
212,1
101,1
294,1
263,1
220,1
289,1
68,1
101,1
178,1
247,1
107,1
299,1
143,1
103,1
282,1
237,1
113,1
111,1
164,1
166,1
161,1
164,1
134,1
176,1
131,1
207,1
213,1
188,1
243,1
143,1
192,1
236,1
234,1
117,1
218,1
98,1
72,1
151,1
147,1
250,1
262,1
59,1
271,1
141,1
89,1
299,1
116,1
46,1
157,1
121,1
163,1
185,1
91,1
125,1
148,1
293,1
71,1
97,1
63,1
46,1
215,1
265,1
240,1
172,1
247,1
248,1
210,1
78,1
167,1
232,1
154,1
221,1
107,1
243,1
249,1
222,1
51,1
186,1
153,1
190,1
144,1
80,1
71,1
68,1
59,1
153,1
234,1
295,1
275,1
119,1
279,1
248,1
132,1
84,1
138,1
186,1
189,1
161,1
284,1
183,1
209,1
293,1
216,1
109,1
255,1
78,1
96,1
59,1
143,1
132,1
61,1
100,1
194,1
46,1
213,1
241,1
205,1
270,1
59,1
77,1
209,1
116,1
64,1
235,1
126,1
164,1
181,1
96,1
246,1
78,1
59,1
194,1
107,1
100,1
133,1
201,1
90,1
71,1
175,1
201,1
170,1
224,1
93,1
62,1
97,1
277,1
260,1
153,1
67,1
188,1
282,1
52,1
269,1
125,1
206,1
235,1
261,1
112,1
133,1
186,1
156,1
66,1
294,1
184,1
170,1
139,1
143,1
68,1
195,1
77,1
170,1
167,1
134,1
290,1
192,1
87,1
125,1
41,1
126,1
49,1
245,1
130,1
146,1
176,1
200,1
167,1
204,1
60,1
44,1
135,1
99,1
217,1
66,1
128,1
188,1
118,1
199,1
197,1
255,1
50,1
100,1
51,1
131,1
101,1
123,1
119,1
152,1
240,1
50,1
246,1
212,1
204,1
137,1
202,1
191,1
137,1
63,1
166,1
140,1
69,1
113,1
118,1
239,1
89,1
229,1
75,1
96,1
279,1
186,1
149,1
285,1
101,1
234,1
164,1
103,1
274,1
286,1
63,1
94,1
289,1
236,1
74,1
44,1
222,1
131,1
125,1
281,1
136,1
122,1
228,1
62,1
101,1
110,1
269,1
75,1
207,1
58,1
135,1
67,1
179,1
285,1
141,1
191,1
145,1
255,1
126,1
261,1
198,1
94,1
226,1
262,1
219,1
50,1
86,1
52,1
225,1
122,1
272,1
80,1
47,1
60,1
69,1
83,1
242,1
204,1
132,1
285,1
238,1
226,1
183,1
177,1
102,1
137,1
116,1
162,1
254,1
235,1
144,1
66,1
86,1
101,1
48,1
80,1
41,1
273,1
245,1
299,1
209,1
114,1
179,1
156,1
160,1
123,1
256,1
243,1
261,1
85,1
148,1
153,1
114,1
93,1
234,1
201,1
207,1
264,1
122,1
210,1
240,1
146,1
238,1
125,1
83,1
208,1
113,1
199,1
265,1
281,1
166,1
261,1
287,1
239,1
159,1
48,1
229,1
248,1
261,1
163,1
109,1
175,1
133,1
282,1
185,1
158,1
300,1
138,1
262,1
212,1
136,1
219,1
137,1
110,1
80,1
257,1
254,1
159,1
235,1
254,1
140,1
80,1
104,1
96,1
179,1
161,1
273,1
232,1
228,1
129,1
169,1
194,1
67,1
288,1
281,1
289,1
288,1
126,1
178,1
56,1
300,1
163,1
102,1
184,1
104,1
121,1
74,1
258,1
236,1
129,1
267,1
208,1
121,1
237,1
140,1
236,1
251,1
131,1
244,1
248,1
250,1
195,1
44,1
269,1
98,1
43,1
170,1
186,1
287,1
130,1
164,1
246,1
218,1
100,1
168,1
212,1
132,1
286,1
230,1
240,1
100,1
163,1
86,1
73,1
205,1
113,1
151,1
249,1
223,1
82,1
127,1
243,1
90,1
143,1
127,1
78,1
281,1
262,1
187,1
154,1
275,1
206,1
73,1
82,1
299,1
250,1
208,1
260,1
196,1
290,1
103,1
122,1
264,1
48,1
278,1
118,1
44,1
186,1
102,1
172,1
243,1
150,1
105,1
66,1
91,1
197,1
52,1
179,1
253,1
243,1
68,1
294,1
54,1
241,1
182,1
143,1
48,1
249,1
262,1
280,1
251,1
258,1
92,1
277,1
291,1
204,1
79,1
174,1
119,1
49,1
170,1
86,1
279,1
101,1
124,1
298,1
116,1
108,1
272,1
104,1
255,1
100,1
53,1
290,1
128,1
242,1
102,1
120,1
240,1
232,1
298,1
236,1
269,1
60,1
226,1
81,1
59,1
172,1
277,1
155,1
46,1
262,1
103,1
154,1
149,1
76,1
250,1
286,1
258,1
186,1
105,1
234,1
285,1
159,1
97,1
295,1
277,1
190,1
121,1
235,1
101,1
64,1
49,1
114,1
234,1
100,1
185,1
285,1
171,1
224,1
115,1
123,1
57,1
127,1
266,1
239,1
147,1
66,1
146,1
133,1
291,1
164,1
50,1
188,1
203,1
150,1
240,1
261,1
96,1
122,1
143,1
273,1
251,1
144,1
224,1
299,1
227,1
99,1
273,1
219,1
256,1
130,1
71,1
58,1
134,1
196,1
130,1
97,1
50,1
119,1
62,1
179,1
243,1
178,1
114,1
236,1
40,1
240,1
239,1
77,1
295,1
49,1
229,1
281,1
245,1
114,1
204,1
230,1
178,1
61,1
40,1
178,1
256,1
203,1
104,1
251,1
115,1
201,1
205,1
47,1
162,1
202,1
198,1
272,1
68,1
262,1
47,1
175,1
101,1
181,1
258,1
249,1
156,1
87,1
71,1
70,1
122,1
166,1
47,1
137,1
254,1
166,1
149,1
94,1
90,1
133,1
160,1
135,1
101,1
127,1
48,1
243,1
73,1
191,1
150,1
77,1
184,1
195,1
49,1
92,1
126,1
62,1
294,1
225,1
109,1
167,1
176,1
66,1
286,1
231,1
176,1
99,1
100,1
91,1
75,1
88,1
85,1
73,1
54,1
115,1
279,1
160,1
222,1
238,1
161,1
218,1
220,1
219,1
62,1
274,1
45,1
183,1
196,1
186,1
270,1
196,1
215,1
281,1
91,1
191,1
141,1
134,1
53,1
257,1
82,1
104,1
180,1
119,1
261,1
167,1
192,1
121,1
148,1
84,1
288,1
281,1
285,1
257,1
116,1
144,1
137,1
148,1
293,1
136,1
238,1
72,1
223,1
220,1
137,1
221,1
151,1
277,1
60,1
266,1
62,1
269,1
256,1
171,1
134,1
281,1
57,1
253,1
194,1
79,1
239,1
145,1
219,1
175,1
237,1
61,1
177,1
125,1
61,1
248,1
148,1
90,1
108,1
208,1
46,1
184,1
190,1
62,1
285,1
40,1
210,1
64,1
41,1
84,1
103,1
193,1
42,1
279,1
213,1
109,1
259,1
207,1
245,1
63,1
179,1
196,1
112,1
275,1
111,1
174,1
199,1
104,1
297,1
155,1
114,1
80,1
46,1
147,1
54,1
139,1
267,1
80,1
239,1
123,1
208,1
235,1
85,1
72,1
178,1
210,1
149,1
138,1
88,1
58,1
162,1
288,1
112,1
188,1
183,1
220,1
273,1
40,1
155,1
127,1
205,1
122,1
88,1
95,1
274,1
40,1
100,1
256,1
232,1
129,1
168,1
213,1
71,1
167,1
127,1
176,1
212,1
228,1
240,1
288,1
186,1
41,1
206,1
65,1
284,1
268,1
188,1
252,1
287,1
94,1
146,1
288,1
259,1
190,1
78,1
225,1
131,1
240,1
120,1
138,1
201,1
137,1
119,1
106,1
120,1
211,1
218,1
107,1
43,1
262,1
67,1
56,1
77,1
93,1
138,1
157,1
92,1
195,1
76,1
56,1
178,1
60,1
124,1
283,1
100,1
101,1
112,1
208,1
194,1
264,1
190,1
62,1
101,1
253,1
100,1
100,1
270,1
243,1
267,1
157,1
288,1
291,1
139,1
84,1
132,1
185,1
207,1
236,1
123,1
269,1
217,1
167,1
103,1
159,1
295,1
121,1
69,1
87,1
216,1
147,1
182,1
136,1
165,1
275,1
132,1
95,1
175,1
143,1
283,1
163,1
74,1
250,1
220,1
278,1
198,1
257,1
69,1
120,1
264,1
115,1
235,1
297,1
170,1
291,1
72,1
235,1
224,1
261,1
59,1
116,1
277,1
241,1
255,1
95,1
56,1
151,1
69,1
286,1
179,1
105,1
226,1
84,1
44,1
167,1
205,1
82,1
71,1
44,1
43,1
147,1
252,1
300,1
273,1
82,1
158,1
220,1
206,1
109,1
140,1
108,1
57,1
59,1
72,1
164,1
52,1
48,1
280,1
107,1
177,1
76,1
194,1
267,1
66,1
154,1
188,1
115,1
103,1
122,1
94,1
84,1
226,1
273,1
241,1
263,1
53,1
227,1
43,1
264,1
183,1
228,1
82,1
163,1
77,1
168,1
198,1
187,1
263,1
296,1
247,1
190,1
258,1
136,1
244,1
250,1
194,1
52,1
216,1
92,1
222,1
257,1
205,1
75,1
234,1
111,1
298,1
268,1
277,1
111,1
154,1
294,1
184,1
189,1
207,1
115,1
138,1
236,1
278,1
261,1
89,1
123,1
65,1
188,1
145,1
219,1
112,1
82,1
106,1
169,1
122,1
176,1
198,1
145,1
76,1
47,1
275,1
242,1
223,1
161,1
134,1
139,1
69,1
237,1
83,1
101,1
171,1
101,1
234,1
44,1
226,1
80,1
136,1
74,1
45,1
225,1
255,1
150,1
156,1
120,1
219,1
295,1
298,1
234,1
101,1
62,1
127,1
209,1
123,1
167,1
172,1
250,1
233,1
109,1
113,1
96,1
136,1
157,1
75,1
175,1
124,1
242,1
62,1
292,1
229,1
256,1
81,1
70,1
175,1
183,1
265,1
58,1
105,1
214,1
205,1
292,1
213,1
290,1
226,1
100,1
59,1
54,1
54,1
278,1
181,1
121,1
92,1
286,1
120,1
122,1
68,1
261,1
198,1
205,1
282,1
58,1
138,1
290,1
171,1
176,1
226,1
187,1
73,1
246,1
167,1
93,1
177,1
287,1
105,1
122,1
264,1
249,1
146,1
143,1
197,1
197,1
249,1
179,1
216,1
131,1
279,1
170,1
257,1
261,1
47,1
68,1
186,1
299,1
77,1
223,1
146,1
176,1
110,1
126,1
87,1
203,1
178,1
206,1
164,1
270,1
193,1
240,1
163,1
109,1
165,1
184,1
274,1
215,1
290,1
249,1
80,1
201,1
188,1
279,1
94,1
108,1
280,1
48,1
255,1
284,1
250,1
191,1
277,1
46,1
69,1
227,1
41,1
203,1
280,1
176,1
298,1
235,1
198,1
209,1
264,1
88,1
248,1
124,1
163,1
134,1
270,1
271,1
212,1
67,1
291,1
282,1
220,1
147,1
250,1
60,1
209,1
243,1
113,1
125,1
113,1
242,1
45,1
167,1
83,1
189,1
82,1
137,1
168,1
204,1
240,1
269,1
135,1
128,1
168,1
297,1
121,1
70,1
135,1
114,1
76,1
140,1
146,1
87,1
229,1
263,1
71,1
219,1
90,1
296,1
151,1
226,1
124,1
267,1
62,1
54,1
51,1
137,1
234,1
294,1
126,1
49,1
228,1
207,1
287,1
97,1
64,1
266,1
96,1
299,1
207,1
146,1
70,1
164,1
234,1
295,1
274,1
296,1
99,1
165,1
162,1
196,1
113,1
148,1
245,1
105,1
221,1
180,1
221,1
104,1
87,1
272,1
116,1
219,1
145,1
237,1
217,1
291,1
269,1
237,1
207,1
61,1
234,1
249,1
179,1
248,1
115,1
57,1
266,1
271,1
88,1
130,1
81,1
93,1
100,1
100,1
248,1
59,1
136,1
95,1
235,1
173,1
201,1
124,1
187,1
224,1
228,1
45,1
210,1
97,1
152,1
52,1
161,1
131,1
229,1
94,1
201,1
229,1
147,1
229,1
259,1
50,1
116,1
113,1
230,1
76,1
198,1
139,1
111,1
165,1
131,1
233,1
277,1
286,1
279,1
150,1
110,1
281,1
210,1
107,1
196,1
261,1
60,1
221,1
282,1
217,1
261,1
250,1
40,1
259,1
297,1
130,1
253,1
173,1
295,1
63,1
223,1
167,1
145,1
155,1
94,1
294,1
145,1
276,1
66,1
162,1
212,1
150,1
198,1
42,1
94,1
199,1
102,1
300,1
98,1
234,1
197,1
121,1
116,1
179,1
118,1
292,1
240,1
255,1
130,1
249,1
281,1
146,1
248,1
274,1
158,1
72,1
55,1
188,1
132,1
186,1
142,1
194,1
42,1
200,1
121,1
175,1
67,1
154,1
183,1
97,1
109,1
261,1
190,1
244,1
185,1
153,1
240,1
264,1
62,1
286,1
293,1
93,1
287,1
119,1
266,1
271,1
296,1
190,1
203,1
284,1
87,1
236,1
232,1
202,1
210,1
142,1
113,1
269,1
156,1
248,1
279,1
76,1
226,1
232,1
48,1
236,1
300,1
152,1
251,1
106,1
158,1
102,1
227,1
67,1
54,1
115,1
198,1
264,1
273,1
248,1
65,1
142,1
290,1
74,1
299,1
156,1
91,1
221,1
211,1
147,1
130,1
101,1
66,1
184,1
131,1
48,1
271,1
118,1
132,1
90,1
265,1
210,1
286,1
191,1
238,1
247,1
138,1
131,1
192,1
159,1
247,1
267,1
73,1
256,1
200,1
250,1
100,1
291,1
46,1
188,1
78,1
90,1
183,1
123,1
125,1
221,1
144,1
54,1
119,1
42,1
138,1
165,1
56,1
250,1
253,1
209,1
45,1
155,1
42,1
201,1
268,1
202,1
294,1
205,1
44,1
219,1
289,1
280,1
191,1
53,1
255,1
113,1
223,1
126,1
102,1
177,1
220,1
203,1
175,1
297,1
105,1
242,1
56,1
249,1
218,1
299,1
128,1
42,1
139,1
178,1
233,1
192,1
102,1
214,1
270,1
74,1
81,1
114,1
142,1
199,1
282,1
286,1
171,1
289,1
159,1
127,1
266,1
118,1
107,1
94,1
50,1
56,1
97,1
277,1
140,1
74,1
217,1
184,1
285,1
274,1
142,1
258,1
133,1
209,1
278,1
155,1
193,1
121,1
214,1
190,1
162,1
276,1
295,1
264,1
297,1
76,1
229,1
189,1
60,1
269,1
67,1
88,1
117,1
52,1
136,1
223,1
271,1
134,1
299,1
253,1
270,1
145,1
254,1
44,1
68,1
174,1
174,1
160,1
283,1
130,1
249,1
106,1
221,1
258,1
175,1
65,1
282,1
294,1
138,1
286,1
51,1
171,1
285,1
84,1
138,1
172,1
40,1
116,1
85,1
168,1
299,1
206,1
83,1
247,1
276,1
102,1
251,1
275,1
268,1
129,1
197,1
191,1
282,1
269,1
295,1
224,1
300,1
96,1
198,1
45,1
87,1
293,1
190,1
299,1
235,1
40,1
115,1
97,1
93,1
185,1
108,1
260,1
286,1
208,1
98,1
167,1
283,1
213,1
68,1
166,1
77,1
150,1
269,1
176,1
45,1
171,1
133,1
265,1
156,1
153,1
295,1
129,1
54,1
171,1
100,1
194,1
73,1
42,1
111,1
146,1
207,1
167,1
53,1
217,1
172,1
145,1
216,1
281,1
228,1
232,1
68,1
271,1
43,1
104,1
189,1
140,1
44,1
112,1
120,1
82,1
155,1
108,1
257,1
299,1
218,1
76,1
79,1
182,1
253,1
262,1
141,1
94,1
181,1
56,1
225,1
193,1
44,1
281,1
110,1
226,1
55,1
261,1
195,1
250,1
122,1
81,1
214,1
64,1
129,1
239,1
256,1
277,1
202,1
204,1
106,1
40,1
252,1
281,1
152,1
180,1
205,1
77,1
147,1
138,1
216,1
263,1
242,1
68,1
101,1
44,1
228,1
134,1
252,1
211,1
51,1
247,1
249,1
76,1
251,1
162,1
150,1
296,1
234,1
239,1
172,1
237,1
240,1
67,1
87,1
183,1
266,1
80,1
66,1
99,1
290,1
284,1
47,1
282,1
170,1
266,1
271,1
213,1
260,1
234,1
114,1
84,1
93,1
95,1
232,1
119,1
48,1
65,1
193,1
88,1
65,1
282,1
109,1
272,1
172,1
300,1
191,1
194,1
186,1
146,1
268,1
236,1
238,1
160,1
220,1
221,1
218,1
233,1
206,1
192,1
126,1
86,1
195,1
291,1
271,1
41,1
125,1
53,1
105,1
202,1
244,1
110,1
76,1
268,1
109,1
179,1
85,1
82,1
44,1
73,1
40,1
100,1
65,1
156,1
82,1
129,1
223,1
109,1
178,1
204,1
227,1
68,1
260,1
64,1
62,1
153,1
65,1
90,1
229,1
195,1
219,1
122,1
90,1
129,1
191,1
278,1
158,1
221,1
43,1
85,1
280,1
251,1
194,1
175,1
54,1
95,1
229,1
44,1
46,1
145,1
297,1
75,1
253,1
126,1
279,1
113,1
287,1
299,1
182,1
289,1
153,1
52,1
246,1
241,1
41,1
163,1
104,1
203,1
85,1
89,1
206,1
93,1
109,1
121,1
219,1
80,1
73,1
251,1
118,1
128,1
213,1
93,1
84,1
170,1
161,1
65,1
196,1
217,1
233,1
66,1
106,1
127,1
248,1
213,1
75,1
206,1
293,1
245,1
254,1
264,1
55,1
72,1
74,1
134,1
175,1
58,1
113,1
160,1
138,1
121,1
105,1
148,1
72,1
143,1
254,1
250,1
194,1
146,1
152,1
184,1
102,1
247,1
292,1
143,1
206,1
224,1
47,1
130,1
261,1
299,1
245,1
299,1
71,1
281,1
191,1
229,1
228,1
56,1
215,1
103,1
60,1
234,1
222,1
282,1
56,1
255,1
54,1
236,1
110,1
248,1
96,1
119,1
47,1
274,1
231,1
126,1
239,1
205,1
214,1
139,1
100,1
244,1
176,1
177,1
78,1
286,1
101,1
185,1
152,1
267,1
116,1
42,1
208,1
108,1
154,1
132,1
269,1
255,1
227,1
298,1
184,1
92,1
188,1
280,1
199,1
299,1
264,1
277,1
103,1
259,1
215,1
60,1
231,1
84,1
68,1
74,1
184,1
103,1
53,1
155,1
220,1
269,1
123,1
80,1
287,1
229,1
275,1
89,1
60,1
293,1
184,1
252,1
176,1
208,1
70,1
40,1
223,1
300,1
203,1
43,1
63,1
294,1
162,1
218,1
163,1
287,1
241,1
124,1
226,1
222,1
233,1
224,1
157,1
218,1
253,1
204,1
110,1
72,1
124,1
166,1
86,1
298,1
235,1
42,1
236,1
138,1
234,1
237,1
75,1
153,1
107,1
220,1
165,1
288,1
237,1
128,1
68,1
295,1
78,1
276,1
150,1
50,1
93,1
177,1
159,1
191,1
284,1
150,1
124,1
45,1
176,1
102,1
119,1
238,1
209,1
224,1
110,1
286,1
200,1
158,1
259,1
81,1
279,1
226,1
270,1
298,1
43,1
160,1
66,1
264,1
107,1
83,1
160,1
121,1
88,1
283,1
266,1
47,1
105,1
57,1
283,1
44,1
147,1
124,1
46,1
258,1
199,1
211,1
211,1
79,1
118,1
60,1
265,1
227,1
113,1
145,1
100,1
273,1
284,1
49,1
253,1
77,1
264,1
237,1
212,1
173,1
132,1
181,1
92,1
240,1
96,1
141,1
158,1
147,1
297,1
141,1
210,1
112,1
60,1
66,1
183,1
265,1
108,1
83,1
297,1
152,1
285,1
155,1
202,1
173,1
276,1
46,1
272,1
95,1
66,1
281,1
116,1
207,1
193,1
166,1
247,1
138,1
153,1
162,1
300,1
125,1
142,1
296,1
51,1
151,1
99,1
55,1
202,1
197,1
178,1
280,1
188,1
239,1
72,1
109,1
228,1
55,1
153,1
41,1
47,1
149,1
80,1
280,1
61,1
62,1
170,1
162,1
132,1
92,1
273,1
109,1
174,1
238,1
270,1
191,1
223,1
119,1
296,1
160,1
41,1
76,1
85,1
128,1
68,1
191,1
293,1
200,1
160,1
115,1
271,1
81,1
267,1
123,1
96,1
273,1
133,1
261,1
225,1
159,1
155,1
278,1
141,1
162,1
156,1
56,1
257,1
139,1
109,1
48,1
81,1
148,1
101,1
198,1
135,1
179,1
167,1
52,1
241,1
264,1
236,1
40,1
279,1
189,1
106,1
199,1
282,1
83,1
259,1
92,1
267,1
86,1
242,1
220,1
144,1
188,1
166,1
240,1
299,1
193,1
101,1
192,1
81,1
211,1
58,1
59,1
105,1
232,1
246,1
251,1
227,1
100,1
164,1
179,1
208,1
200,1
254,1
226,1
169,1
135,1
78,1
196,1
72,1
44,1
124,1
295,1
174,1
158,1
128,1
204,1
220,1
274,1
275,1
236,1
146,1
183,1
173,1
231,1
279,1
112,1
138,1
111,1
184,1
252,1
126,1
93,1
245,1
198,1
176,1
48,1
156,1
70,1
241,1
111,1
59,1
252,1
94,1
206,1
86,1
263,1
88,1
148,1
85,1
63,1
160,1
58,1
206,1
134,1
279,1
142,1
130,1
198,1
227,1
259,1
58,1
199,1
70,1
85,1
187,1
235,1
201,1
121,1
83,1
154,1
122,1
270,1
159,1
270,1
141,1
65,1
183,1
243,1
41,1
48,1
44,1
254,1
218,1
147,1
110,1
52,1
171,1
81,1
127,1
133,1
235,1
99,1
137,1
246,1
45,1
265,1
196,1
127,1
175,1
211,1
270,1
168,1
282,1
85,1
266,1
56,1
187,1
69,1
275,1
201,1
243,1
188,1
263,1
236,1
119,1
293,1
245,1
131,1
236,1
63,1
133,1
65,1
243,1
83,1
176,1
287,1
172,1
154,1
288,1
123,1
116,1
187,1
104,1
231,1
133,1
104,1
200,1
146,1
218,1
99,1
85,1
284,1
180,1
201,1
87,1
208,1
197,1
158,1
187,1
161,1
209,1
64,1
120,1
133,1
162,1
164,1
151,1
221,1
119,1
159,1
91,1
59,1
263,1
76,1
247,1
185,1
210,1
73,1
178,1
192,1
140,1
233,1
249,1
124,1
189,1
126,1
130,1
190,1
201,1
225,1
125,1
124,1
116,1
97,1
218,1
281,1
161,1
95,1
163,1
238,1
141,1
91,1
273,1
215,1
226,1
281,1
256,1
149,1
228,1
188,1
144,1
266,1
200,1
73,1
53,1
293,1
248,1
229,1
121,1
126,1
74,1
199,1
103,1
258,1
65,1
45,1
77,1
262,1
40,1
238,1
242,1
112,1
119,1
72,1
225,1
280,1
196,1
185,1
42,1
164,1
115,1
52,1
111,1
85,1
197,1
46,1
227,1
139,1
110,1
174,1
86,1
78,1
48,1
173,1
168,1
249,1
134,1
45,1
148,1
213,1
283,1
111,1
190,1
248,1
64,1
288,1
53,1
80,1
92,1
170,1
225,1
241,1
92,1
166,1
228,1
157,1
275,1
298,1
78,1
56,1
123,1
104,1
259,1
262,1
89,1
185,1
207,1
96,1
107,1
189,1
212,1
249,1
74,1
232,1
215,1
287,1
52,1
179,1
125,1
256,1
67,1
145,1
151,1
217,1
108,1
170,1
48,1
106,1
146,1
90,1
157,1
68,1
118,1
75,1
150,1
145,1
233,1
98,1
78,1
265,1
157,1
171,1
151,1
136,1
280,1
179,1
164,1
264,1
127,1
198,1
176,1
285,1
203,1
192,1
269,1
159,1
200,1
209,1
142,1
142,1
87,1
231,1
124,1
234,1
252,1
143,1
114,1
266,1
96,1
254,1
237,1
144,1
59,1
209,1
104,1
236,1
111,1
173,1
96,1
67,1
134,1
47,1
210,1
121,1
205,1
153,1
186,1
248,1
92,1
128,1
49,1
55,1
80,1
74,1
258,1
257,1
252,1
44,1
185,1
253,1
252,1
262,1
199,1
224,1
171,1
146,1
248,1
293,1
110,1
194,1
136,1
95,1
178,1
271,1
269,1
92,1
222,1
160,1
136,1
236,1
271,1
75,1
240,1
84,1
260,1
211,1
53,1
132,1
283,1
186,1
205,1
148,1
55,1
57,1
221,1
246,1
181,1
273,1
102,1
203,1
116,1
190,1
92,1
243,1
127,1
93,1
257,1
192,1
204,1
223,1
63,1
63,1
241,1
295,1
65,1
174,1
102,1
137,1
92,1
120,1
138,1
236,1
287,1
258,1
151,1
163,1
231,1
174,1
124,1
148,1
97,1
69,1
246,1
116,1
215,1
154,1
209,1
203,1
84,1
163,1
131,1
120,1
263,1
71,1
70,1
272,1
80,1
197,1
181,1
177,1
68,1
129,1
99,1
47,1
177,1
215,1
226,1
169,1
104,1
41,1
257,1
107,1
217,1
235,1
132,1
181,1
171,1
267,1
299,1
158,1
193,1
139,1
124,1
97,1
294,1
79,1
50,1
281,1
101,1
221,1
259,1
45,1
208,1
244,1
156,1
112,1
296,1
191,1
250,1
263,1
142,1
296,1
201,1
156,1
53,1
240,1
153,1
211,1
238,1
142,1
105,1
45,1
131,1
148,1
264,1
98,1
89,1
208,1
222,1
204,1
76,1
238,1
228,1
90,1
282,1
149,1
166,1
259,1
101,1
102,1
69,1
198,1
237,1
89,1
214,1
50,1
71,1
181,1
230,1
247,1
143,1
290,1
257,1
180,1
263,1
270,1
221,1
199,1
243,1
67,1
156,1
122,1
44,1
146,1
104,1
127,1
134,1
51,1
165,1
233,1
160,1
239,1
287,1
276,1
143,1
119,1
133,1
166,1
267,1
61,1
164,1
250,1
91,1
208,1
118,1
56,1
138,1
68,1
190,1
257,1
263,1
184,1
188,1
199,1
63,1
43,1
116,1
292,1
212,1
133,1
67,1
181,1
163,1
141,1
222,1
158,1
161,1
63,1
109,1
247,1
43,1
166,1
205,1
92,1
161,1
166,1
87,1
170,1
132,1
245,1
195,1
69,1
109,1
223,1
116,1
52,1
96,1
184,1
251,1
121,1
240,1
208,1
262,1
281,1
101,1
60,1
196,1
77,1
162,1
124,1
181,1
234,1
105,1
285,1
116,1
222,1
81,1
246,1
187,1
177,1
265,1
102,1
248,1
204,1
200,1
221,1
204,1
115,1
61,1
55,1
244,1
177,1
40,1
138,1
283,1
55,1
113,1
111,1
49,1
173,1
289,1
163,1
47,1
163,1
59,1
78,1
170,1
58,1
274,1
299,1
199,1
287,1
60,1
128,1
226,1
278,1
163,1
72,1
280,1
202,1
186,1
84,1
297,1
78,1
77,1
80,1
234,1
149,1
174,1
112,1
132,1
138,1
76,1
99,1
223,1
292,1
175,1
102,1
110,1
245,1
144,1
78,1
40,1
186,1
261,1
165,1
160,1
234,1
137,1
246,1
179,1
170,1
100,1
206,1
141,1
207,1
124,1
252,1
188,1
115,1
108,1
62,1
79,1
171,1
121,1
67,1
283,1
89,1
91,1
131,1
200,1
144,1
289,1
122,1
171,1
157,1
184,1
110,1
54,1
60,1
91,1
173,1
242,1
101,1
220,1
183,1
117,1
220,1
166,1
197,1
86,1
155,1
254,1
66,1
235,1
160,1
120,1
167,1
111,1
246,1
52,1
164,1
129,1
226,1
203,1
129,1
127,1
158,1
70,1
280,1
97,1
212,1
289,1
62,1
126,1
199,1
198,1
104,1
51,1
125,1
259,1
229,1
185,1
257,1
243,1
93,1
297,1
186,1
189,1
67,1
152,1
163,1
126,1
197,1
92,1
49,1
73,1
69,1
247,1
66,1
235,1
108,1
82,1
134,1
184,1
274,1
83,1
173,1
139,1
168,1
57,1
40,1
115,1
169,1
208,1
138,1
206,1
43,1
255,1
81,1
77,1
236,1
169,1
272,1
234,1
199,1
212,1
99,1
143,1
203,1
294,1
52,1
187,1
92,1
257,1
43,1
234,1
56,1
67,1
181,1
71,1
261,1
155,1
240,1
91,1
63,1
82,1
280,1
196,1
61,1
112,1
271,1
258,1
202,1
293,1
70,1
142,1
148,1
298,1
254,1
86,1
273,1
135,1
111,1
129,1
234,1
244,1
277,1
58,1
272,1
296,1
71,1
222,1
248,1
98,1
184,1
55,1
63,1
164,1
243,1
157,1
145,1
265,1
192,1
204,1
53,1
197,1
189,1
299,1
64,1
173,1
117,1
251,1
46,1
207,1
245,1
86,1
268,1
47,1
74,1
219,1
211,1
69,1
148,1
208,1
249,1
143,1
298,1
65,1
147,1
144,1
84,1
256,1
233,1
159,1
173,1
201,1
150,1
204,1
299,1
97,1
50,1
59,1
62,1
274,1
153,1
49,1
61,1
41,1
147,1
291,1
109,1
89,1
124,1
143,1
255,1
262,1
264,1
257,1
219,1
147,1
